# Time step: 0.5
# Step  Temperature Total_energy E_pot E_kin
    1    266.0   -86.907377   -87.491122     0.583750
    2    256.0   -86.906935   -87.469805     0.562870
    3    231.0   -86.905545   -87.413956     0.508410
    4    201.0   -86.903813   -87.345474     0.441660
    5    177.0   -86.902651   -87.291123     0.388470
    6    167.0   -86.902682   -87.268602     0.365920
    7    170.0   -86.903753   -87.277524     0.373770
    8    181.0   -86.905073   -87.301770     0.396700
    9    189.0   -86.905938   -87.320514     0.414580
   10    188.0   -86.906133   -87.319143     0.413010
   11    177.0   -86.905659   -87.294130     0.388470
   12    158.0   -86.904775   -87.252472     0.347700
   13    138.0   -86.903800   -87.207715     0.303920
   14    124.0   -86.903083   -87.175079     0.272000
   15    120.0   -86.902852   -87.166167     0.263310
   16    128.0   -86.903280   -87.184527     0.281250
   17    145.0   -86.904269   -87.223315     0.319050
   18    165.0   -86.905440   -87.267177     0.361740
   19    178.0   -86.906248   -87.298381     0.392130
   20    181.0   -86.906291   -87.304983     0.398690
   21    174.0   -86.905557   -87.286867     0.381310
   22    160.0   -86.904512   -87.255709     0.351200
   23    147.0   -86.903858   -87.227672     0.323810
   24    141.0   -86.903947   -87.213135     0.309190
   25    140.0   -86.904527   -87.211336     0.306810
   26    140.0   -86.905106   -87.213585     0.308480
   27    139.0   -86.905369   -87.210594     0.305230
   28    133.0   -86.905309   -87.197545     0.292240
   29    123.0   -86.905030   -87.174763     0.269730
   30    110.0   -86.904633   -87.146282     0.241650
   31     97.0   -86.904184   -87.118326     0.214140
   32     88.0   -86.903782   -87.098076     0.194290
   33     86.0   -86.903606   -87.091828     0.188220
   34     90.0   -86.903811   -87.102280     0.198470
   35    101.0   -86.904384   -87.126279     0.221890
   36    114.0   -86.905099   -87.155097     0.250000
   37    124.0   -86.905584   -87.178102     0.272520
   38    129.0   -86.905548   -87.188404     0.282860
   39    128.0   -86.905031   -87.187004     0.281970
   40    126.0   -86.904409   -87.182100     0.277690
   41    127.0   -86.904153   -87.183268     0.279110
   42    132.0   -86.904457   -87.194448     0.289990
   43    139.0   -86.905101   -87.211057     0.305960
   44    144.0   -86.905664   -87.223172     0.317510
   45    144.0   -86.905816   -87.221862     0.316050
   46    136.0   -86.905509   -87.204273     0.298760
   47    123.0   -86.904940   -87.174637     0.269700
   48    108.0   -86.904386   -87.141475     0.237090
   49     95.0   -86.904033   -87.113398     0.209360
   50     87.0   -86.903932   -87.096098     0.192170
   51     85.0   -86.904055   -87.091319     0.187260
   52     88.0   -86.904364   -87.097124     0.192760
   53     93.0   -86.904785   -87.108627     0.203840
   54     98.0   -86.905147   -87.119445     0.214300
   55    100.0   -86.905221   -87.124423     0.219200
   56     99.0   -86.904925   -87.122911     0.217990
   57     98.0   -86.904444   -87.119817     0.215370
   58     99.0   -86.904139   -87.122618     0.218480
   59    106.0   -86.904212   -87.136099     0.231890
   60    116.0   -86.904560   -87.159378     0.254820
   61    128.0   -86.904965   -87.187220     0.282250
   62    140.0   -86.905305   -87.213147     0.307840
   63    148.0   -86.905542   -87.231463     0.325920
   64    151.0   -86.905604   -87.238242     0.332640
   65    149.0   -86.905434   -87.232430     0.327000
   66    142.0   -86.905105   -87.216499     0.311390
   67    132.0   -86.904744   -87.195511     0.290770
   68    123.0   -86.904502   -87.174994     0.270490
   69    116.0   -86.904449   -87.158771     0.254320
   70    111.0   -86.904555   -87.147900     0.243350
   71    108.0   -86.904739   -87.141002     0.236260
   72    105.0   -86.904863   -87.135629     0.230770
   73    103.0   -86.904787   -87.130401     0.225610
   74    101.0   -86.904545   -87.126813     0.222270
   75    102.0   -86.904357   -87.128693     0.224340
   76    107.0   -86.904500   -87.138753     0.234250
   77    114.0   -86.904934   -87.154877     0.249940
   78    121.0   -86.905298   -87.170785     0.265490
   79    126.0   -86.905279   -87.181243     0.275960
   80    128.0   -86.904861   -87.186726     0.281870
   81    131.0   -86.904432   -87.193155     0.288720
   82    138.0   -86.904346   -87.206621     0.302270
   83    147.0   -86.904654   -87.228248     0.323590
   84    158.0   -86.905133   -87.253284     0.348150
   85    168.0   -86.905549   -87.274126     0.368580
   86    172.0   -86.905781   -87.284038     0.378260
   87    170.0   -86.905793   -87.279302     0.373510
   88    161.0   -86.905598   -87.259776     0.354180
   89    147.0   -86.905241   -87.228730     0.323490
   90    131.0   -86.904752   -87.192286     0.287530
   91    116.0   -86.904193   -87.158765     0.254570
   92    106.0   -86.903755   -87.137314     0.233560
   93    105.0   -86.903753   -87.134706     0.230950
   94    112.0   -86.904350   -87.150785     0.246440
   95    123.0   -86.905305   -87.176311     0.271010
   96    132.0   -86.906088   -87.196699     0.290610
   97    134.0   -86.906229   -87.200073     0.293840
   98    127.0   -86.905617   -87.184406     0.278790
   99    116.0   -86.904571   -87.159187     0.254620
  100    108.0   -86.903668   -87.140556     0.236890
  101    109.0   -86.903421   -87.142444     0.239020
  102    121.0   -86.903952   -87.168753     0.264800
  103    139.0   -86.904936   -87.211465     0.306530
  104    159.0   -86.905899   -87.255311     0.349410
  105    172.0   -86.906499   -87.285043     0.378540
  106    175.0   -86.906567   -87.291143     0.384580
  107    167.0   -86.906125   -87.272486     0.366360
  108    151.0   -86.905317   -87.236192     0.330880
  109    132.0   -86.904401   -87.195252     0.290850
  110    118.0   -86.903751   -87.164132     0.260380
  111    113.0   -86.903695   -87.152964     0.249270
  112    118.0   -86.904275   -87.162618     0.258340
  113    127.0   -86.905166   -87.184136     0.278970
  114    136.0   -86.905897   -87.203704     0.297810
  115    138.0   -86.906138   -87.209871     0.303730
  116    133.0   -86.905797   -87.198921     0.293120
  117    124.0   -86.904995   -87.176450     0.271460
  118    114.0   -86.904069   -87.155256     0.251190
  119    112.0   -86.903508   -87.149843     0.246340
  120    121.0   -86.903669   -87.168940     0.265270
  121    139.0   -86.904522   -87.210091     0.305570
  122    161.0   -86.905620   -87.260221     0.354600
  123    180.0   -86.906477   -87.302160     0.395680
  124    189.0   -86.906751   -87.322511     0.415760
  125    187.0   -86.906356   -87.317069     0.410710
  126    176.0   -86.905501   -87.292032     0.386530
  127    162.0   -86.904580   -87.260816     0.356240
  128    152.0   -86.904055   -87.237684     0.333630
  129    149.0   -86.904186   -87.230643     0.326460
  130    151.0   -86.904829   -87.237642     0.332810
  131    156.0   -86.905558   -87.248677     0.343120
  132    158.0   -86.905994   -87.252194     0.346200
  133    153.0   -86.905980   -87.241128     0.335150
  134    141.0   -86.905563   -87.215587     0.310020
  135    126.0   -86.904873   -87.182317     0.277440
  136    113.0   -86.904109   -87.152477     0.248370
  137    107.0   -86.903559   -87.138277     0.234720
  138    111.0   -86.903547   -87.148274     0.244730
  139    127.0   -86.904212   -87.182492     0.278280
  140    148.0   -86.905314   -87.230635     0.325320
  141    168.0   -86.906322   -87.275877     0.369550
  142    180.0   -86.906746   -87.302856     0.396110
  143    182.0   -86.906379   -87.305321     0.398940
  144    175.0   -86.905413   -87.289258     0.383840
  145    166.0   -86.904434   -87.269576     0.365140
  146    163.0   -86.904045   -87.261311     0.357270
  147    167.0   -86.904465   -87.270464     0.366000
  148    175.0   -86.905345   -87.290732     0.385390
  149    183.0   -86.906108   -87.308488     0.402380
  150    184.0   -86.906395   -87.311438     0.405040
  151    177.0   -86.906193   -87.294463     0.388270
  152    161.0   -86.905678   -87.260283     0.354600
  153    142.0   -86.905035   -87.216928     0.311890
  154    123.0   -86.904397   -87.174770     0.270370
  155    109.0   -86.903864   -87.144234     0.240370
  156    105.0   -86.903672   -87.133693     0.230020
  157    110.0   -86.904010   -87.146152     0.242140
  158    123.0   -86.904906   -87.176175     0.271270
  159    138.0   -86.906007   -87.209963     0.303960
  160    148.0   -86.906682   -87.231038     0.324360
  161    147.0   -86.906472   -87.229559     0.323090
  162    138.0   -86.905433   -87.209124     0.303690
  163    128.0   -86.904205   -87.185659     0.281450
  164    125.0   -86.903622   -87.177700     0.274080
  165    132.0   -86.904058   -87.194036     0.289980
  166    147.0   -86.905167   -87.228030     0.322860
  167    162.0   -86.906230   -87.262620     0.356390
  168    170.0   -86.906726   -87.280994     0.374270
  169    168.0   -86.906577   -87.274710     0.368130
  170    154.0   -86.905994   -87.245411     0.339420
  171    135.0   -86.905243   -87.201947     0.296700
  172    115.0   -86.904531   -87.156287     0.251760
  173     98.0   -86.903969   -87.120033     0.216060
  174     90.0   -86.903782   -87.101926     0.198140
  175     91.0   -86.904089   -87.104982     0.200890
  176    100.0   -86.904872   -87.124401     0.219530
  177    110.0   -86.905837   -87.148089     0.242250
  178    116.0   -86.906456   -87.161571     0.255120
  179    114.0   -86.906328   -87.155930     0.249600
  180    104.0   -86.905491   -87.133686     0.228200
  181     93.0   -86.904435   -87.108057     0.203620
  182     87.0   -86.903815   -87.095286     0.191470
  183     91.0   -86.903961   -87.104921     0.200960
  184    105.0   -86.904691   -87.134852     0.230160
  185    122.0   -86.905556   -87.173757     0.268200
  186    137.0   -86.906166   -87.207871     0.301710
  187    146.0   -86.906352   -87.227200     0.320850
  188    147.0   -86.906172   -87.228335     0.322160
  189    140.0   -86.905782   -87.213858     0.308080
  190    130.0   -86.905321   -87.190011     0.284690
  191    118.0   -86.904897   -87.164304     0.259410
  192    109.0   -86.904625   -87.143609     0.238980
  193    104.0   -86.904626   -87.132342     0.227720
  194    103.0   -86.904948   -87.130637     0.225690
  195    104.0   -86.905468   -87.133653     0.228180
  196    104.0   -86.905869   -87.133724     0.227850
  197    100.0   -86.905869   -87.125139     0.219270
  198     92.0   -86.905468   -87.108230     0.202760
  199     84.0   -86.904944   -87.089321     0.184380
  200     78.0   -86.904593   -87.076675     0.172080
  201     78.0   -86.904528   -87.075971     0.171440
  202     84.0   -86.904712   -87.088372     0.183660
  203     94.0   -86.905052   -87.110946     0.205890
  204    106.0   -86.905426   -87.138113     0.232690
  205    117.0   -86.905700   -87.163671     0.257970
  206    126.0   -86.905791   -87.182971     0.277180
  207    131.0   -86.905709   -87.194263     0.288550
  208    133.0   -86.905517   -87.198651     0.293130
  209    134.0   -86.905291   -87.199085     0.293790
  210    134.0   -86.905153   -87.198965     0.293810
  211    134.0   -86.905177   -87.200505     0.295330
  212    136.0   -86.905402   -87.203391     0.297990
  213    136.0   -86.905679   -87.204462     0.298780
  214    134.0   -86.905781   -87.199852     0.294070
  215    129.0   -86.905595   -87.188382     0.282790
  216    122.0   -86.905279   -87.173072     0.267790
  217    115.0   -86.905084   -87.158812     0.253730
  218    111.0   -86.905092   -87.148656     0.243560
  219    108.0   -86.905150   -87.142732     0.237580
  220    107.0   -86.905134   -87.140245     0.235110
  221    108.0   -86.905055   -87.141280     0.236230
  222    110.0   -86.905007   -87.146651     0.241640
  223    115.0   -86.905028   -87.156771     0.251740
  224    121.0   -86.905124   -87.171034     0.265910
  225    129.0   -86.905275   -87.187810     0.282540
  226    136.0   -86.905428   -87.204800     0.299370
  227    143.0   -86.905548   -87.219664     0.314120
  228    148.0   -86.905608   -87.230707     0.325100
  229    151.0   -86.905611   -87.237248     0.331640
  230    152.0   -86.905596   -87.239443     0.333850
  231    151.0   -86.905572   -87.237797     0.332230
  232    149.0   -86.905484   -87.233163     0.327680
  233    146.0   -86.905373   -87.227198     0.321830
  234    144.0   -86.905384   -87.221708     0.316320
  235    142.0   -86.905593   -87.216572     0.310980
  236    138.0   -86.905829   -87.208821     0.302990
  237    132.0   -86.905828   -87.195126     0.289300
  238    123.0   -86.905538   -87.175564     0.270030
  239    113.0   -86.905158   -87.154444     0.249290
  240    106.0   -86.904879   -87.137579     0.232700
  241    102.0   -86.904754   -87.129341     0.224590
  242    103.0   -86.904763   -87.131678     0.226910
  243    109.0   -86.904913   -87.144308     0.239400
  244    118.0   -86.905200   -87.164786     0.259590
  245    129.0   -86.905556   -87.188656     0.283100
  246    139.0   -86.905841   -87.210577     0.304740
  247    146.0   -86.905963   -87.226313     0.320350
  248    149.0   -86.905903   -87.234248     0.328350
  249    150.0   -86.905717   -87.235646     0.329930
  250    149.0   -86.905501   -87.233769     0.328270
  251    149.0   -86.905378   -87.232316     0.326940
  252    149.0   -86.905502   -87.233240     0.327740
  253    150.0   -86.905842   -87.234698     0.328860
  254    148.0   -86.906118   -87.231715     0.325600
  255    143.0   -86.906065   -87.220247     0.314180
  256    134.0   -86.905710   -87.201020     0.295310
  257    125.0   -86.905331   -87.179130     0.273800
  258    116.0   -86.905144   -87.160189     0.255050
  259    110.0   -86.905119   -87.147244     0.242120
  260    107.0   -86.905134   -87.140849     0.235720
  261    107.0   -86.905147   -87.140672     0.235520
  262    110.0   -86.905216   -87.146214     0.241000
  263    114.0   -86.905391   -87.156167     0.250780
  264    119.0   -86.905629   -87.167839     0.262210
  265    124.0   -86.905763   -87.177952     0.272190
  266    127.0   -86.905677   -87.184871     0.279190
  267    130.0   -86.905386   -87.190334     0.284950
  268    134.0   -86.905113   -87.198985     0.293870
  269    141.0   -86.905136   -87.215065     0.309930
  270    151.0   -86.905618   -87.238080     0.332460
  271    161.0   -86.906356   -87.260709     0.354350
  272    166.0   -86.906863   -87.272009     0.365150
  273    163.0   -86.906779   -87.264528     0.357750
  274    152.0   -86.906177   -87.239588     0.333410
  275    137.0   -86.905449   -87.206326     0.300880
  276    123.0   -86.904994   -87.175807     0.270810
  277    114.0   -86.904921   -87.155228     0.250310
  278    110.0   -86.905101   -87.146037     0.240940
  279    109.0   -86.905388   -87.145506     0.240120
  280    111.0   -86.905690   -87.149053     0.243360
  281    112.0   -86.905938   -87.151925     0.245990
  282    111.0   -86.906037   -87.150426     0.244390
  283    108.0   -86.905894   -87.143351     0.237460
  284    104.0   -86.905477   -87.133438     0.227960
  285    101.0   -86.904942   -87.127618     0.222680
  286    105.0   -86.904631   -87.134365     0.229730
  287    115.0   -86.904898   -87.158286     0.253390
  288    132.0   -86.905753   -87.195070     0.289320
  289    148.0   -86.906735   -87.231646     0.324910
  290    157.0   -86.907229   -87.253086     0.345860
  291    157.0   -86.906947   -87.251675     0.344730
  292    148.0   -86.906149   -87.231224     0.325070
  293    136.0   -86.905351   -87.203592     0.298240
  294    126.0   -86.904945   -87.180911     0.275970
  295    120.0   -86.904986   -87.169609     0.264620
  296    120.0   -86.905272   -87.169346     0.264070
  297    123.0   -86.905651   -87.175496     0.269850
  298    125.0   -86.906052   -87.181717     0.275660
  299    125.0   -86.906377   -87.181513     0.275140
  300    120.0   -86.906478   -87.169870     0.263390
  301    109.0   -86.906171   -87.145685     0.239510
  302     95.0   -86.905429   -87.114334     0.208910
  303     83.0   -86.904533   -87.087818     0.183280
  304     80.0   -86.904027   -87.080184     0.176160
  305     89.0   -86.904374   -87.099147     0.194770
  306    106.0   -86.905501   -87.139409     0.233910
  307    126.0   -86.906734   -87.184053     0.277320
  308    140.0   -86.907355   -87.214308     0.306950
  309    143.0   -86.907078   -87.220446     0.313370
  310    137.0   -86.906190   -87.206268     0.300080
  311    127.0   -86.905281   -87.184990     0.279710
  312    121.0   -86.904829   -87.170404     0.265580
  313    120.0   -86.904923   -87.169572     0.264650
  314    126.0   -86.905354   -87.181155     0.275800
  315    133.0   -86.905845   -87.198460     0.292620
  316    140.0   -86.906263   -87.213468     0.307210
  317    142.0   -86.906553   -87.219229     0.312680
  318    139.0   -86.906636   -87.211133     0.304500
  319    128.0   -86.906377   -87.188384     0.282010
  320    114.0   -86.905713   -87.155839     0.250130
  321    100.0   -86.904849   -87.124428     0.219580
  322     93.0   -86.904279   -87.107649     0.203370
  323     95.0   -86.904443   -87.114151     0.209710
  324    107.0   -86.905330   -87.141268     0.235940
  325    122.0   -86.906411   -87.175479     0.269070
  326    134.0   -86.907010   -87.200423     0.293410
  327    137.0   -86.906795   -87.206905     0.300110
  328    133.0   -86.905947   -87.198081     0.292130
  329    128.0   -86.905044   -87.186729     0.281680
  330    128.0   -86.904653   -87.186507     0.281850
  331    136.0   -86.904944   -87.203351     0.298410
  332    149.0   -86.905624   -87.232884     0.327260
  333    163.0   -86.906308   -87.264475     0.358170
  334    173.0   -86.906764   -87.287181     0.380420
  335    176.0   -86.906908   -87.293621     0.386710
  336    171.0   -86.906727   -87.281497     0.374770
  337    158.0   -86.906214   -87.254026     0.347810
  338    143.0   -86.905457   -87.219851     0.314390
  339    130.0   -86.904744   -87.191223     0.286480
  340    125.0   -86.904495   -87.179257     0.274760
  341    129.0   -86.904925   -87.187737     0.282810
  342    138.0   -86.905841   -87.209986     0.304140
  343    148.0   -86.906764   -87.231848     0.325080
  344    151.0   -86.907204   -87.239103     0.331900
  345    145.0   -86.906936   -87.224837     0.317900
  346    131.0   -86.906044   -87.193231     0.287190
  347    115.0   -86.904924   -87.158197     0.253270
  348    106.0   -86.904180   -87.136943     0.232760
  349    108.0   -86.904230   -87.140875     0.236640
  350    120.0   -86.905008   -87.169314     0.264310
  351    138.0   -86.906061   -87.210360     0.304300
  352    155.0   -86.906920   -87.247553     0.340630
  353    164.0   -86.907290   -87.267311     0.360020
  354    162.0   -86.907104   -87.263656     0.356550
  355    152.0   -86.906453   -87.239526     0.333070
  356    136.0   -86.905565   -87.205335     0.299770
  357    123.0   -86.904833   -87.175034     0.270200
  358    116.0   -86.904627   -87.160028     0.255400
  359    118.0   -86.905022   -87.163634     0.258610
  360    125.0   -86.905765   -87.179871     0.274110
  361    132.0   -86.906490   -87.197235     0.290750
  362    135.0   -86.906917   -87.204394     0.297480
  363    131.0   -86.906881   -87.194736     0.287860
  364    120.0   -86.906316   -87.169154     0.262840
  365    105.0   -86.905397   -87.136769     0.231370
  366     94.0   -86.904586   -87.112021     0.207440
  367     92.0   -86.904381   -87.107496     0.203120
  368    101.0   -86.904903   -87.126485     0.221580
  369    116.0   -86.905795   -87.161242     0.255450
  370    133.0   -86.906587   -87.198029     0.291440
  371    144.0   -86.906986   -87.224311     0.317320
  372    149.0   -86.906885   -87.233708     0.326820
  373    146.0   -86.906356   -87.227745     0.321390
  374    141.0   -86.905646   -87.214675     0.309030
  375    137.0   -86.905165   -87.205331     0.300170
  376    137.0   -86.905197   -87.206981     0.301780
  377    143.0   -86.905692   -87.219063     0.313370
  378    149.0   -86.906289   -87.234074     0.327780
  379    153.0   -86.906685   -87.242670     0.335990
  380    151.0   -86.906756   -87.238514     0.331760
  381    143.0   -86.906493   -87.220513     0.314020
  382    131.0   -86.905927   -87.193103     0.287180
  383    118.0   -86.905224   -87.165495     0.260270
  384    111.0   -86.904745   -87.148778     0.244030
  385    112.0   -86.904874   -87.150283     0.245410
  386    120.0   -86.905604   -87.168221     0.262620
  387    130.0   -86.906487   -87.191909     0.285420
  388    137.0   -86.907006   -87.208290     0.301280
  389    138.0   -86.906921   -87.209651     0.302730
  390    132.0   -86.906326   -87.197367     0.291040
  391    125.0   -86.905542   -87.180611     0.275070
  392    121.0   -86.904972   -87.171539     0.266570
  393    125.0   -86.904943   -87.178979     0.274040
  394    136.0   -86.905507   -87.203324     0.297820
  395    150.0   -86.906331   -87.235878     0.329550
  396    162.0   -86.906963   -87.263798     0.356840
  397    168.0   -86.907163   -87.276958     0.369800
  398    166.0   -86.906948   -87.271903     0.364950
  399    157.0   -86.906470   -87.251800     0.345330
  400    145.0   -86.905836   -87.224368     0.318530
  401    134.0   -86.905189   -87.199835     0.294650
  402    129.0   -86.904793   -87.188352     0.283560
  403    132.0   -86.904980   -87.195753     0.290770
  404    143.0   -86.905818   -87.218977     0.313160
  405    154.0   -86.906887   -87.245543     0.338660
  406    160.0   -86.907585   -87.259655     0.352070
  407    156.0   -86.907509   -87.251299     0.343790
  408    144.0   -86.906656   -87.222403     0.315750
  409    128.0   -86.905464   -87.186486     0.281020
  410    117.0   -86.904579   -87.161983     0.257400
  411    117.0   -86.904502   -87.162472     0.257970
  412    129.0   -86.905254   -87.189186     0.283930
  413    148.0   -86.906351   -87.230731     0.324380
  414    165.0   -86.907231   -87.270058     0.362830
  415    175.0   -86.907577   -87.293149     0.385570
  416    176.0   -86.907392   -87.294137     0.386750
  417    168.0   -86.906853   -87.275594     0.368740
  418    155.0   -86.906138   -87.245967     0.339830
  419    142.0   -86.905455   -87.216548     0.311090
  420    133.0   -86.905003   -87.198264     0.293260
  421    133.0   -86.905047   -87.198013     0.292970
  422    141.0   -86.905677   -87.214756     0.309080
  423    151.0   -86.906642   -87.238510     0.331870
  424    158.0   -86.907417   -87.254601     0.347180
  425    157.0   -86.907554   -87.251542     0.343990
  426    146.0   -86.907024   -87.227439     0.320410
  427    129.0   -86.906140   -87.190639     0.284500
  428    114.0   -86.905383   -87.154851     0.249470
  429    103.0   -86.905090   -87.131936     0.226850
  430    101.0   -86.905238   -87.126830     0.221590
  431    105.0   -86.905629   -87.137378     0.231750
  432    114.0   -86.906070   -87.157380     0.251310
  433    124.0   -86.906467   -87.179637     0.273170
  434    132.0   -86.906774   -87.197639     0.290860
  435    136.0   -86.906918   -87.206548     0.299630
  436    135.0   -86.906833   -87.204276     0.297440
  437    130.0   -86.906510   -87.192452     0.285940
  438    123.0   -86.906036   -87.176544     0.270510
  439    118.0   -86.905636   -87.164221     0.258590
  440    117.0   -86.905612   -87.161623     0.256010
  441    120.0   -86.906058   -87.169074     0.263020
  442    124.0   -86.906663   -87.180047     0.273380
  443    127.0   -86.906965   -87.185657     0.278690
  444    125.0   -86.906764   -87.181354     0.274590
  445    120.0   -86.906303   -87.169926     0.263620
  446    115.0   -86.906003   -87.158072     0.252070
  447    111.0   -86.906111   -87.150131     0.244020
  448    108.0   -86.906429   -87.144843     0.238410
  449    105.0   -86.906579   -87.138038     0.231460
  450    101.0   -86.906367   -87.127807     0.221440
  451     96.0   -86.905954   -87.117181     0.211230
  452     94.0   -86.905626   -87.112219     0.206590
  453     97.0   -86.905620   -87.117795     0.212170
  454    104.0   -86.905940   -87.134182     0.228240
  455    114.0   -86.906376   -87.156855     0.250480
  456    124.0   -86.906704   -87.179342     0.272640
  457    132.0   -86.906792   -87.196710     0.289920
  458    137.0   -86.906738   -87.207345     0.300610
  459    139.0   -86.906712   -87.211798     0.305090
  460    138.0   -86.906739   -87.210598     0.303860
  461    135.0   -86.906649   -87.204018     0.297370
  462    131.0   -86.906334   -87.194209     0.287870
  463    128.0   -86.905989   -87.186173     0.280180
  464    127.0   -86.905934   -87.184839     0.278910
  465    129.0   -86.906249   -87.190705     0.284460
  466    133.0   -86.906696   -87.198863     0.292170
  467    135.0   -86.906931   -87.202536     0.295600
  468    132.0   -86.906840   -87.197849     0.291010
  469    127.0   -86.906514   -87.185932     0.279420
  470    121.0   -86.906101   -87.171817     0.265720
  471    117.0   -86.905794   -87.161866     0.256070
  472    116.0   -86.905727   -87.160965     0.255240
  473    120.0   -86.905958   -87.170396     0.264440
  474    128.0   -86.906422   -87.186936     0.280510
  475    135.0   -86.906887   -87.204013     0.297130
  476    140.0   -86.907059   -87.215184     0.308130
  477    142.0   -86.906839   -87.218323     0.311480
  478    141.0   -86.906416   -87.217176     0.310760
  479    142.0   -86.906123   -87.218474     0.312350
  480    146.0   -86.906178   -87.226814     0.320640
  481    152.0   -86.906559   -87.241340     0.334780
  482    159.0   -86.907074   -87.256058     0.348980
  483    162.0   -86.907429   -87.262825     0.355400
  484    158.0   -86.907414   -87.255697     0.348280
  485    149.0   -86.907010   -87.234358     0.327350
  486    136.0   -86.906403   -87.204607     0.298200
  487    123.0   -86.905820   -87.175689     0.269870
  488    114.0   -86.905472   -87.156495     0.251020
  489    112.0   -86.905474   -87.152307     0.246830
  490    117.0   -86.905842   -87.163058     0.257220
  491    126.0   -86.906470   -87.183224     0.276750
  492    135.0   -86.907175   -87.203396     0.296220
  493    139.0   -86.907664   -87.213294     0.305630
  494    136.0   -86.907679   -87.206104     0.298420
  495    125.0   -86.907078   -87.182695     0.275620
  496    113.0   -86.906005   -87.153549     0.247540
  497    105.0   -86.905065   -87.135735     0.230670
  498    109.0   -86.904949   -87.143710     0.238760
  499    124.0   -86.905839   -87.179129     0.273290
  500    146.0   -86.907191   -87.228227     0.321040
# 500 131.632
