    1    266.  -.86907377E+02  -.87491122E+02 -.87491122E+02  0.58375E+00 0.00E+00 0.00E+00
    2    256.  -.86906935E+02  -.87469805E+02 -.87469805E+02  0.56287E+00 0.00E+00 0.00E+00
    3    231.  -.86905545E+02  -.87413956E+02 -.87413956E+02  0.50841E+00 0.00E+00 0.00E+00
    4    201.  -.86903813E+02  -.87345474E+02 -.87345474E+02  0.44166E+00 0.00E+00 0.00E+00
    5    177.  -.86902651E+02  -.87291123E+02 -.87291123E+02  0.38847E+00 0.00E+00 0.00E+00
    6    167.  -.86902682E+02  -.87268602E+02 -.87268602E+02  0.36592E+00 0.00E+00 0.00E+00
    7    170.  -.86903753E+02  -.87277524E+02 -.87277524E+02  0.37377E+00 0.00E+00 0.00E+00
    8    181.  -.86905073E+02  -.87301770E+02 -.87301770E+02  0.39670E+00 0.00E+00 0.00E+00
    9    189.  -.86905938E+02  -.87320514E+02 -.87320514E+02  0.41458E+00 0.00E+00 0.00E+00
   10    188.  -.86906133E+02  -.87319143E+02 -.87319143E+02  0.41301E+00 0.00E+00 0.00E+00
   11    177.  -.86905659E+02  -.87294130E+02 -.87294130E+02  0.38847E+00 0.00E+00 0.00E+00
   12    158.  -.86904775E+02  -.87252472E+02 -.87252472E+02  0.34770E+00 0.00E+00 0.00E+00
   13    138.  -.86903800E+02  -.87207715E+02 -.87207715E+02  0.30392E+00 0.00E+00 0.00E+00
   14    124.  -.86903083E+02  -.87175079E+02 -.87175079E+02  0.27200E+00 0.00E+00 0.00E+00
   15    120.  -.86902852E+02  -.87166167E+02 -.87166167E+02  0.26331E+00 0.00E+00 0.00E+00
   16    128.  -.86903280E+02  -.87184527E+02 -.87184527E+02  0.28125E+00 0.00E+00 0.00E+00
   17    145.  -.86904269E+02  -.87223315E+02 -.87223315E+02  0.31905E+00 0.00E+00 0.00E+00
   18    165.  -.86905440E+02  -.87267177E+02 -.87267177E+02  0.36174E+00 0.00E+00 0.00E+00
   19    178.  -.86906248E+02  -.87298381E+02 -.87298381E+02  0.39213E+00 0.00E+00 0.00E+00
   20    181.  -.86906291E+02  -.87304983E+02 -.87304983E+02  0.39869E+00 0.00E+00 0.00E+00
   21    174.  -.86905557E+02  -.87286867E+02 -.87286867E+02  0.38131E+00 0.00E+00 0.00E+00
   22    160.  -.86904512E+02  -.87255709E+02 -.87255709E+02  0.35120E+00 0.00E+00 0.00E+00
   23    147.  -.86903858E+02  -.87227672E+02 -.87227672E+02  0.32381E+00 0.00E+00 0.00E+00
   24    141.  -.86903947E+02  -.87213135E+02 -.87213135E+02  0.30919E+00 0.00E+00 0.00E+00
   25    140.  -.86904527E+02  -.87211336E+02 -.87211336E+02  0.30681E+00 0.00E+00 0.00E+00
   26    140.  -.86905106E+02  -.87213585E+02 -.87213585E+02  0.30848E+00 0.00E+00 0.00E+00
   27    139.  -.86905369E+02  -.87210594E+02 -.87210594E+02  0.30523E+00 0.00E+00 0.00E+00
   28    133.  -.86905309E+02  -.87197545E+02 -.87197545E+02  0.29224E+00 0.00E+00 0.00E+00
   29    123.  -.86905030E+02  -.87174763E+02 -.87174763E+02  0.26973E+00 0.00E+00 0.00E+00
   30    110.  -.86904633E+02  -.87146282E+02 -.87146282E+02  0.24165E+00 0.00E+00 0.00E+00
   31     97.  -.86904184E+02  -.87118326E+02 -.87118326E+02  0.21414E+00 0.00E+00 0.00E+00
   32     88.  -.86903782E+02  -.87098076E+02 -.87098076E+02  0.19429E+00 0.00E+00 0.00E+00
   33     86.  -.86903606E+02  -.87091828E+02 -.87091828E+02  0.18822E+00 0.00E+00 0.00E+00
   34     90.  -.86903811E+02  -.87102280E+02 -.87102280E+02  0.19847E+00 0.00E+00 0.00E+00
   35    101.  -.86904384E+02  -.87126279E+02 -.87126279E+02  0.22189E+00 0.00E+00 0.00E+00
   36    114.  -.86905099E+02  -.87155097E+02 -.87155097E+02  0.25000E+00 0.00E+00 0.00E+00
   37    124.  -.86905584E+02  -.87178102E+02 -.87178102E+02  0.27252E+00 0.00E+00 0.00E+00
   38    129.  -.86905548E+02  -.87188404E+02 -.87188404E+02  0.28286E+00 0.00E+00 0.00E+00
   39    128.  -.86905031E+02  -.87187004E+02 -.87187004E+02  0.28197E+00 0.00E+00 0.00E+00
   40    126.  -.86904409E+02  -.87182100E+02 -.87182100E+02  0.27769E+00 0.00E+00 0.00E+00
   41    127.  -.86904153E+02  -.87183268E+02 -.87183268E+02  0.27911E+00 0.00E+00 0.00E+00
   42    132.  -.86904457E+02  -.87194448E+02 -.87194448E+02  0.28999E+00 0.00E+00 0.00E+00
   43    139.  -.86905101E+02  -.87211057E+02 -.87211057E+02  0.30596E+00 0.00E+00 0.00E+00
   44    144.  -.86905664E+02  -.87223172E+02 -.87223172E+02  0.31751E+00 0.00E+00 0.00E+00
   45    144.  -.86905816E+02  -.87221862E+02 -.87221862E+02  0.31605E+00 0.00E+00 0.00E+00
   46    136.  -.86905509E+02  -.87204273E+02 -.87204273E+02  0.29876E+00 0.00E+00 0.00E+00
   47    123.  -.86904940E+02  -.87174637E+02 -.87174637E+02  0.26970E+00 0.00E+00 0.00E+00
   48    108.  -.86904386E+02  -.87141475E+02 -.87141475E+02  0.23709E+00 0.00E+00 0.00E+00
   49     95.  -.86904033E+02  -.87113398E+02 -.87113398E+02  0.20936E+00 0.00E+00 0.00E+00
   50     87.  -.86903932E+02  -.87096098E+02 -.87096098E+02  0.19217E+00 0.00E+00 0.00E+00
   51     85.  -.86904055E+02  -.87091319E+02 -.87091319E+02  0.18726E+00 0.00E+00 0.00E+00
   52     88.  -.86904364E+02  -.87097124E+02 -.87097124E+02  0.19276E+00 0.00E+00 0.00E+00
   53     93.  -.86904785E+02  -.87108627E+02 -.87108627E+02  0.20384E+00 0.00E+00 0.00E+00
   54     98.  -.86905147E+02  -.87119445E+02 -.87119445E+02  0.21430E+00 0.00E+00 0.00E+00
   55    100.  -.86905221E+02  -.87124423E+02 -.87124423E+02  0.21920E+00 0.00E+00 0.00E+00
   56     99.  -.86904925E+02  -.87122911E+02 -.87122911E+02  0.21799E+00 0.00E+00 0.00E+00
   57     98.  -.86904444E+02  -.87119817E+02 -.87119817E+02  0.21537E+00 0.00E+00 0.00E+00
   58     99.  -.86904139E+02  -.87122618E+02 -.87122618E+02  0.21848E+00 0.00E+00 0.00E+00
   59    106.  -.86904212E+02  -.87136099E+02 -.87136099E+02  0.23189E+00 0.00E+00 0.00E+00
   60    116.  -.86904560E+02  -.87159378E+02 -.87159378E+02  0.25482E+00 0.00E+00 0.00E+00
   61    128.  -.86904965E+02  -.87187220E+02 -.87187220E+02  0.28225E+00 0.00E+00 0.00E+00
   62    140.  -.86905305E+02  -.87213147E+02 -.87213147E+02  0.30784E+00 0.00E+00 0.00E+00
   63    148.  -.86905542E+02  -.87231463E+02 -.87231463E+02  0.32592E+00 0.00E+00 0.00E+00
   64    151.  -.86905604E+02  -.87238242E+02 -.87238242E+02  0.33264E+00 0.00E+00 0.00E+00
   65    149.  -.86905434E+02  -.87232430E+02 -.87232430E+02  0.32700E+00 0.00E+00 0.00E+00
   66    142.  -.86905105E+02  -.87216499E+02 -.87216499E+02  0.31139E+00 0.00E+00 0.00E+00
   67    132.  -.86904744E+02  -.87195511E+02 -.87195511E+02  0.29077E+00 0.00E+00 0.00E+00
   68    123.  -.86904502E+02  -.87174994E+02 -.87174994E+02  0.27049E+00 0.00E+00 0.00E+00
   69    116.  -.86904449E+02  -.87158771E+02 -.87158771E+02  0.25432E+00 0.00E+00 0.00E+00
   70    111.  -.86904555E+02  -.87147900E+02 -.87147900E+02  0.24335E+00 0.00E+00 0.00E+00
   71    108.  -.86904739E+02  -.87141002E+02 -.87141002E+02  0.23626E+00 0.00E+00 0.00E+00
   72    105.  -.86904863E+02  -.87135629E+02 -.87135629E+02  0.23077E+00 0.00E+00 0.00E+00
   73    103.  -.86904787E+02  -.87130401E+02 -.87130401E+02  0.22561E+00 0.00E+00 0.00E+00
   74    101.  -.86904545E+02  -.87126813E+02 -.87126813E+02  0.22227E+00 0.00E+00 0.00E+00
   75    102.  -.86904357E+02  -.87128693E+02 -.87128693E+02  0.22434E+00 0.00E+00 0.00E+00
   76    107.  -.86904500E+02  -.87138753E+02 -.87138753E+02  0.23425E+00 0.00E+00 0.00E+00
   77    114.  -.86904934E+02  -.87154877E+02 -.87154877E+02  0.24994E+00 0.00E+00 0.00E+00
   78    121.  -.86905298E+02  -.87170785E+02 -.87170785E+02  0.26549E+00 0.00E+00 0.00E+00
   79    126.  -.86905279E+02  -.87181243E+02 -.87181243E+02  0.27596E+00 0.00E+00 0.00E+00
   80    128.  -.86904861E+02  -.87186726E+02 -.87186726E+02  0.28187E+00 0.00E+00 0.00E+00
   81    131.  -.86904432E+02  -.87193155E+02 -.87193155E+02  0.28872E+00 0.00E+00 0.00E+00
   82    138.  -.86904346E+02  -.87206621E+02 -.87206621E+02  0.30227E+00 0.00E+00 0.00E+00
   83    147.  -.86904654E+02  -.87228248E+02 -.87228248E+02  0.32359E+00 0.00E+00 0.00E+00
   84    158.  -.86905133E+02  -.87253284E+02 -.87253284E+02  0.34815E+00 0.00E+00 0.00E+00
   85    168.  -.86905549E+02  -.87274126E+02 -.87274126E+02  0.36858E+00 0.00E+00 0.00E+00
   86    172.  -.86905781E+02  -.87284038E+02 -.87284038E+02  0.37826E+00 0.00E+00 0.00E+00
