   1  18   1   0  0.4444444E+03  0.1000000E-03
  CAR 
 VaspCalc                                
   0   0   0
   1   1
 256 256 256
 256
  0.1000000E-09
  0.6250000E-11
   1
  0.5000000E-15  0.2000000E-08  0.2000000E-08  0.2000000E-08
  0.1316341E+03  0.1316341E+03
  0.000
  0.000
  0.000
  0.000
  0.000
  0.000
  0.000
  0.000
  0.000
  0.000
  0.000
  0.000
  0.000
  0.000
 10.714
535.530
228.382
  0.000
  0.000
  0.000
  0.000
  0.000
  0.000
  7.635
 58.451
 77.470
 35.936
 22.133
 27.107
 26.965
 15.156
 13.398
 25.935
 26.332
 28.830
 22.886
 17.904
 15.932
 17.287
 12.193
 11.167
 15.215
 19.141
 19.224
 27.262
 32.436
 29.210
 29.263
 34.651
 31.978
 34.221
 29.166
 24.410
 21.335
 17.666
 17.150
 17.859
 16.805
 16.198
 12.849
 12.665
 11.346
  9.395
  9.421
 12.025
  8.629
  7.309
  4.515
  5.475
  3.812
  3.057
  3.079
  3.399
  3.397
  3.695
  3.869
  3.223
  1.570
  0.726
  2.053
  2.613
  2.239
  2.001
  2.249
  2.115
  1.995
  1.583
  1.177
  0.937
  0.924
  0.707
  0.754
  0.982
  0.530
  0.505
  0.688
  0.446
  0.359
  0.136
  0.276
  0.137
  0.241
  0.435
  0.502
  0.489
  0.474
  0.034
  0.031
  0.101
  0.193
  0.103
  0.088
  0.107
  0.090
  0.123
  0.109
  0.031
  0.051
  0.101
  0.000
  0.000
  0.000
  0.000
  0.000
  0.000
  0.000
  0.000
  0.000
  0.000
  0.000
  0.000
  0.000
  0.000
  0.000
  0.000
  0.000
  0.000
  0.000
  0.000
  0.000
  0.000
  0.000
  0.000
  0.000
  0.000
  0.000
  0.000
  0.000
  0.000
  0.000
  0.000
  0.000
  0.000
  0.000
  0.000
  0.000
  0.000
  0.000
  0.000
  0.000
  0.000
  0.000
  0.000
  0.000
  0.000
  0.000
  0.000
  0.000
  0.000
  0.000
  0.000
  0.000
  0.000
  0.000
  0.000
  0.000
  0.000
  0.000
  0.000
  0.000
  0.000
  0.000
  0.000
  0.000
  0.000
  0.000
  0.000
  0.000
  0.000
  0.000
  0.000
  0.000
  0.000
  0.000
  0.000
  0.000
  0.000
  0.000
  0.000
  0.000
  0.000
  0.024
  0.018
  0.012
  0.022
  0.037
  0.030
  0.032
  0.025
  0.018
  0.024
  0.058
  0.023
  0.007
  0.071
  0.113
  0.120
  0.116
  0.050
  0.041
  0.036
  0.037
  0.024
  0.053
  0.043
  0.063
  0.107
  0.185
  0.167
  0.123
  0.104
  0.084
  0.054
  0.092
  0.087
  0.088
  0.183
  0.189
  0.221
  0.214
  0.139
  0.062
  0.056
  0.049
  0.060
  0.103
  0.153
  0.152
  0.275
  0.345
  0.321
  0.259
  0.248
  0.234
  0.187
  0.214
