<simulation verbosity='high' mode='static'>
   <step>55</step>
   <total_steps>100</total_steps>
   <output prefix='h2o_hex_cage_geop'>
      <properties filename='prp' shape='(2)'> [ step, potential{electronvolt} ] </properties>
      <trajectory filename='trj'>positions{angstrom}</trajectory>
   </output>
   <prng>
      <set_pos>624</set_pos>
      <state shape='(624)'>
       [ 27182, 2285797927, 1599219099, 2428387269, 2644617351, 
         1805232510, 3855472161, 79408497, 3086214813, 2080248772, 
         2318744003, 53416496, 832429308, 1768885113, 4131044966, 
         1708403432, 806002429, 3090226914, 1292308082, 329858674, 
         558802190, 2780667035, 2966137203, 203313836, 3572017652, 
         1551973772, 3553148347, 3418509747, 3711003276, 4100886920, 
         978308853, 3153118152, 2437568722, 1233934897, 3623044370, 
         1919375576, 1799433921, 2046570981, 2758718234, 590119071, 
         1237112291, 1461998675, 3098748548, 1408624905, 2029140052, 
         3188242102, 2451728690, 841887775, 3906114411, 1942933561, 
         2945326666, 2235464347, 3882958737, 1068578511, 3404228321, 
         2498595169, 1710370631, 2797804759, 3678100803, 3490908795, 
         828725652, 2633534369, 2252231309, 3870169514, 772444397, 
         3291808450, 1185570663, 2987342209, 1012780019, 449544740, 
         971742330, 2953315945, 260492159, 1737375844, 1515746595, 
         2273536181, 3672326015, 84240441, 3312951243, 2871792183, 
         4187262009, 1144806707, 3725494028, 1735086142, 16867375, 
         2538412512, 24324224, 1318812375, 3689807046, 646784786, 
         1763118196, 2130020228, 1292346581, 1829075969, 1451617374, 
         1491998938, 2470052295, 1228415002, 823139849, 2578295536, 
         1453192158, 1928105568, 3224180139, 1777890223, 1454359054, 
         3835336532, 3277604029, 2103627105, 1971545932, 4265277134, 
         384963663, 2089372314, 156525207, 1026471172, 3311963910, 
         3689749100, 884593983, 2838026576, 581476304, 146627975, 
         1282680251, 3524881627, 2570029490, 3829433067, 131714564, 
         4199181329, 531645848, 3706834295, 545596228, 3141684821, 
         896956373, 2695971980, 193071754, 2746745591, 2179024943, 
         3267137352, 1277209631, 3788633695, 20016854, 1017856249, 
         1747248073, 1860953717, 1049755730, 1812202217, 3078311448, 
         2066201299, 2372212588, 4000193785, 1103706422, 1753416264, 
         870840419, 757529254, 2400041494, 1334517373, 4204225414, 
         3063902484, 3221644362, 3090129514, 2039266214, 3666045058, 
         3494659205, 1718402943, 4292082520, 2745360010, 772838476, 
         704327329, 779390763, 3267854238, 1431002777, 2994973345, 
         1387826681, 3901864835, 3746986540, 2412403768, 63401360, 
         4131408511, 3902652316, 2200023404, 104914712, 1755569451, 
         3190275142, 524921737, 1100742339, 758076737, 3910364253, 
         4164554703, 2146461750, 790596974, 3223628578, 133377474, 
         1589370952, 3643117196, 4278502955, 1980077705, 192621674, 
         1631797397, 2435034920, 3723990615, 2657960938, 3049976655, 
         2019636009, 3369179025, 567013220, 877524799, 2999731111, 
         1347223014, 1200737265, 372827775, 424011755, 3709748104, 
         3957524905, 2355415781, 1420471543, 1084220387, 2738281216, 
         2498132641, 889495079, 713442620, 3601493382, 8151892, 
         3917948160, 3157603852, 491639396, 638027347, 3089066655, 
         2596148690, 526052338, 2462161245, 3339606623, 2139677489, 
         149312214, 1359820117, 4044095244, 3533940948, 30256317, 
         1019300988, 3516238296, 3754071892, 1109673281, 1713279791, 
         353742870, 90455967, 2549232045, 3203219966, 1775166816, 
         2835900730, 2972220430, 61824435, 1631175575, 3868160295, 
         35645486, 2870556961, 1417430731, 4268755119, 596343002, 
         4020852993, 1971335370, 4013745176, 2580902569, 843104634, 
         1030529062, 3331950083, 759684870, 4108268645, 2246329158, 
         2179591901, 238654981, 2753814020, 2384580458, 3073211669, 
         3162810913, 3394821086, 2713912385, 2433583744, 453326940, 
         3468458335, 2396135008, 4158025663, 3884560962, 1434394044, 
         1312547241, 4110086241, 3696445892, 2009635742, 4073094615, 
         3799128513, 4078632104, 1737110422, 3963824819, 2468874385, 
         3144093217, 1026445298, 866913694, 2105339515, 1530880328, 
         1611690996, 1010752977, 2788777374, 2801691574, 3958362927, 
         3285507464, 3763850244, 117718769, 1861406532, 2107290729, 
         661444153, 3022259887, 2223257716, 1570467266, 1617209892, 
         700968655, 1448542178, 1652060359, 3947394391, 1068253022, 
         2960150353, 3859265531, 2319928853, 2374836049, 1035323390, 
         1085331062, 969624884, 2784119494, 3723912343, 2652169128, 
         2109328727, 4002089524, 13858810, 1048125674, 382547867, 
         3136676977, 493465002, 2689040222, 3403775129, 383423504, 
         3387489183, 148226524, 4263000349, 1844549672, 534641280, 
         924997076, 3913699833, 1618158328, 2884832916, 2546796678, 
         2299461997, 4172871973, 4133069657, 2571017694, 422774057, 
         2936208267, 1367904108, 664595553, 4262472870, 3100175227, 
         3919030560, 3058595635, 3642048698, 3591670627, 3293666887, 
         1130927676, 1750396026, 4151058673, 2045280997, 1258531168, 
         465419698, 3292404392, 2272463334, 1978264676, 3348058698, 
         2056489279, 962155753, 219034209, 204917434, 657557208, 
         3348876463, 1236520276, 3324346626, 836530143, 3337583478, 
         1639994277, 4146054449, 4235104312, 2557180870, 3120544212, 
         2570180847, 138177539, 3451468210, 2311748953, 2339776876, 
         3419158508, 218757586, 3898536802, 291237838, 2201803728, 
         4083424613, 1879388362, 4072006820, 3450967665, 1706122889, 
         4789560, 1840797865, 1036313562, 4019425429, 3115471554, 
         4108543829, 1801374852, 3413958416, 959065879, 511239340, 
         2294695286, 3885005919, 3843182056, 1901625940, 2180901415, 
         780021560, 3382024888, 3069255784, 3529540980, 2176997526, 
         253765640, 2773750989, 519568977, 254259356, 3698338612, 
         1642233180, 2096970843, 1940585261, 2433984008, 2195840415, 
         3456136607, 2355291195, 2562034989, 410508348, 566886750, 
         553638345, 2969337601, 2964044004, 2952596084, 3936897093, 
         620493654, 2554671271, 181895123, 489839354, 1818472542, 
         55602744, 4248794582, 4109073352, 2897509335, 4165786058, 
         3613228815, 2318699903, 1088338197, 1215740585, 458460686, 
         1230932813, 1777115844, 4242187906, 3202726831, 1607311884, 
         3258246637, 2674726579, 2449845923, 1494814804, 3740528729, 
         206831443, 3490457745, 1249912173, 2391380336, 3980027343, 
         2971162450, 142885991, 2006654331, 2035215611, 197872252, 
         3413426375, 3046437680, 407352983, 2804079217, 348961854, 
         322270294, 2779966927, 494241987, 2263110098, 1686935796, 
         1946580878, 3580998737, 2509899841, 4060487511, 242897421, 
         3867563531, 2437036819, 2318690465, 857834812, 288009882, 
         1534938801, 2388409696, 2364255131, 4110325327, 317979119, 
         3029042239, 1048236806, 2928507220, 756672229, 2483791697, 
         1013543096, 4159959698, 772099632, 1648331500, 2363860606, 
         1511460074, 1601101238, 1063610931, 3023909664, 2591055980, 
         485682025, 665916273, 2690328218, 969249790, 3138933565, 
         2950598883, 1618908110, 766712245, 4032693108, 1899171583, 
         2367478339, 2163599027, 1951383268, 1692524393, 2843987481, 
         1896465849, 3685907371, 1932505948, 475630278, 1845606452, 
         3082095616, 2313736418, 918702713, 2849055959, 3389818660, 
         2438345599, 2633709422, 1941547962, 2604979686, 568027412, 
         374876933, 1223796763, 2869116517, 1568522183, 4104626499, 
         2754469990, 2783645083, 724713605, 3472728994, 3423189423, 
         1474776839, 683042186, 2870143903, 1272511519, 2556004357, 
         2974772211, 347115846, 676448464, 3932916803, 3762067316, 
         1027044136, 3650672894, 1347945224, 2912421317, 4102211772, 
         2252369045, 497592526, 2072172930, 4154191340, 2019739785, 
         939648999, 3911982947, 4141007649, 3649188012, 2771639886, 
         327246400, 2673870213, 1585999753, 3158035183, 3416975049, 
         1467296251, 3532020716, 1304309398, 1830302431, 165077475, 
         3521027037, 3645853413, 1573730574, 3102313532, 3991110856, 
         3798010218, 3425757633, 4172484063, 571684386, 2356842433, 
         899618119, 3541526108, 2929540309, 1735987758, 4039661031, 
         3191662929, 204110621, 577771984, 146440560, 183108497, 
         3476226967, 2501287879, 1741715485, 2655674737, 1873018821, 
         2112868027, 609491914, 1385435931, 1348105644, 1348797612, 
         3826675629, 1952460819, 1277860744, 3872043132 ]
      </state>
      <seed>27182</seed>
   </prng>
   <ffsocket name='ipi_vasp'>
      <address>19.19.19.100</address>
      <port>31415</port>
   </ffsocket>
   <system>
      <cell shape='(3, 3)'>
       [   3.77945220e+01,   2.31424702e-15,   2.31424702e-15,   0.00000000e+00,   3.77945220e+01, 
           2.31424702e-15,   0.00000000e+00,   0.00000000e+00,   3.77945220e+01 ]
      </cell>
      <motion mode='minimize'>
         <optimizer>
            <tolerances>
               <force>  2.00000000e-04</force>
            </tolerances>
            <glist_lbfgs shape='(6, 54)'>
             [   2.12309583e-05,   3.85096096e-05,  -9.73117020e-06,   3.27591307e-05,   6.28380864e-06, 
                 3.46741361e-05,  -3.66676405e-05,   6.96895656e-05,  -3.28962124e-05,   3.02064296e-05, 
                 7.34017116e-05,   6.26180675e-05,  -6.21775403e-05,   7.01969906e-06,   4.00423804e-05, 
                 1.88664211e-05,  -1.17903839e-07,  -1.18405598e-05,  -3.54865772e-05,  -4.15804843e-05, 
                 3.57708267e-05,   1.01317466e-05,   8.66515197e-05,   2.89534597e-05,   1.75716337e-06, 
                -3.06022518e-05,  -5.66687674e-05,   9.23781946e-05,   9.10451778e-05,  -1.46740383e-05, 
                 3.85938944e-05,   5.55073909e-06,  -1.68916543e-05,  -1.17141262e-05,  -1.73795778e-04, 
                 4.08390230e-07,  -5.44538316e-05,  -5.68321040e-05,  -3.02384540e-05,   1.35906185e-05, 
                -1.38736804e-04,  -6.61844152e-05,   3.53539853e-05,  -2.49282127e-05,  -2.29971534e-05, 
                 3.85670039e-05,  -4.84907518e-05,  -4.56657100e-05,  -9.24514607e-05,  -2.74976360e-05, 
                 7.51394680e-05,  -4.04843700e-05,   1.64430096e-04,   3.01814064e-05,   2.28322348e-04, 
                 3.01693423e-04,  -1.35159634e-05,   1.44623961e-04,  -5.29219429e-05,   1.41554573e-04, 
                -5.72658926e-05,   1.30804193e-04,  -3.31135448e-05,  -3.10544869e-06,   1.96820202e-05, 
                 3.83066732e-05,   4.27883964e-05,   2.85816780e-05,  -4.10596418e-05,   9.21627561e-05, 
                -9.74428855e-05,   5.93501033e-06,  -1.09871902e-05,  -6.18144696e-05,   1.16345351e-04, 
                -2.40280812e-06,  -1.70745703e-04,  -6.72165319e-05,  -2.36192095e-05,  -5.95866034e-05, 
                -2.93370519e-05,   9.15829486e-05,   8.87189135e-05,  -8.42660152e-06,  -2.40466135e-05, 
                 4.57627161e-05,   1.18327346e-04,  -2.02530967e-05,   5.14139426e-04,   4.40471120e-05, 
                -3.86673226e-04,  -2.75435738e-04,  -1.01894191e-04,   8.09639729e-05,  -1.20091392e-04, 
                -9.51941985e-05,  -1.64786753e-04,   2.20862768e-05,   4.32795047e-05,   3.54832352e-05, 
                 2.48069198e-04,   5.33012804e-06,  -3.89921937e-05,   6.74162344e-05,   4.61713771e-05, 
                 1.62048133e-05,  -6.28915344e-04,  -1.69539350e-04,  -1.19439952e-04,  -3.83805255e-04, 
                 3.05121229e-05,  -3.11001180e-04,  -1.71447486e-05,  -9.74149941e-05,   1.12782157e-04, 
                -2.06880195e-04,   4.36345256e-05,  -1.73518905e-06,  -4.05773188e-05,   3.46877217e-06, 
                -1.11039427e-06,  -4.90019174e-05,   2.01819987e-05,  -1.03928144e-04,   6.12717200e-05, 
                 3.62781218e-05,  -4.22801083e-05,   4.92097217e-05,   9.96582140e-05,   1.40339016e-04, 
                 2.18249807e-04,   7.99267980e-05,  -3.73806965e-05,  -5.33514478e-05,   1.27128923e-06, 
                 5.56566076e-05,   3.32479494e-05,  -3.26178008e-05,   9.88932557e-05,  -9.26552228e-05, 
                -1.33082090e-04,  -6.47949819e-05,  -6.82004141e-04,   3.59615350e-05,   4.73640552e-04, 
                 3.77632285e-04,   7.94461270e-05,  -1.08224696e-04,   2.69840368e-04,  -8.87388868e-05, 
                 9.08243292e-05,  -3.10272896e-05,  -8.33089916e-05,  -9.01532674e-05,  -2.78845126e-04, 
                -1.44590250e-04,  -2.92884197e-05,   6.87389894e-05,   2.93818825e-05,  -6.27988890e-05, 
                 7.57101823e-04,   1.20031626e-04,  -2.92489828e-05,  -1.07810991e-04,   1.18255163e-05, 
                -7.49404651e-05,  -1.65127173e-05,  -3.03286041e-05,  -3.33511274e-05,   7.11271256e-05, 
                 1.11205654e-05,  -2.29402095e-05,  -6.01131464e-05,  -4.30818225e-05,   5.65638994e-05, 
                -1.72810295e-05,  -3.38971664e-05,  -3.52216312e-05,   6.76998168e-06,   2.15804422e-05, 
                 5.91983425e-05,   1.88120514e-05,  -5.64352838e-06,  -4.94011547e-06,  -1.52317397e-04, 
                -5.33432515e-05,  -2.97540422e-05,   5.88491734e-06,   7.93242871e-05,  -9.07100832e-05, 
                -9.16766003e-05,  -6.87261034e-07,  -3.22848387e-05,  -4.35289594e-06,   1.50390803e-05, 
                -1.40999362e-06,   2.61345485e-04,   1.37607419e-05,   1.11003643e-04,   1.26153202e-04, 
                 3.69836497e-05,   4.80363778e-05,  -8.56209449e-06,   4.60190536e-05,  -1.50608889e-05, 
                 1.48155778e-05,  -3.97638850e-06,  -6.65736364e-05,   1.44188305e-04,   6.04932849e-05, 
                 1.27640269e-04,   8.16935447e-05,  -8.02797011e-05,   3.39934821e-05,  -2.72163318e-04, 
                -4.49088979e-05,   6.92874347e-06,  -4.41675818e-05,   6.39366713e-06,  -4.24272897e-05, 
                -2.12485325e-05,  -1.13035471e-05,   3.14293098e-05,  -6.38306466e-05,   3.17920682e-05, 
                -5.14137438e-05,  -1.05070525e-04,  -8.98575081e-05,   8.19109706e-05,  -1.43033808e-05, 
                -5.95739881e-05,  -2.30981067e-06,  -2.89884580e-05,   2.46604922e-05,   2.24221222e-05, 
                 4.85443474e-05,  -1.42202545e-06,   2.19084473e-05,  -7.92466729e-05,  -2.77455214e-05, 
                -5.61466937e-06,   1.75944007e-05,   4.52672220e-05,  -8.63896772e-05,  -7.98260288e-05, 
                 7.31978449e-06,  -2.53031728e-05,  -9.02620926e-06,  -5.12587264e-06,  -6.08287646e-06, 
                 1.94310049e-04,   1.52087513e-05,   4.21056607e-05,   6.37548007e-05,   2.62649182e-05, 
                 1.05788202e-05,   1.75230599e-04,   8.04823465e-05,  -6.96764444e-05,   5.37000193e-05, 
                 1.47784317e-05,  -5.75516933e-05,   4.01400737e-05,   2.61019858e-05,   9.01305525e-05, 
                 5.13678955e-05,  -5.72668615e-05,   3.93547509e-05,  -1.98934150e-04,  -2.59743434e-05, 
                -4.82786389e-08,   2.90588858e-07,  -2.78014021e-07,  -9.67319401e-07,  -8.83756119e-08, 
                -7.94655752e-07,  -3.05676548e-07,   6.90390034e-07,  -4.01665364e-07,   6.25280590e-08, 
                -7.89267946e-08,  -2.27450865e-07,  -7.15340864e-07,  -1.96433722e-07,   1.83265515e-07, 
                -1.70057270e-07,  -1.89019938e-07,   4.68416564e-08,  -4.70303549e-08,  -2.10311787e-07, 
                -3.38376686e-07,  -2.81226626e-08,  -2.26973843e-07,  -3.25583575e-07,  -2.94748006e-07, 
                -3.69976846e-07,   5.34573602e-07,   6.54604036e-07,   4.47623574e-07,   1.24808800e-07, 
                -2.97296934e-07,   2.29716209e-07,  -1.90992983e-07,  -2.39273496e-07,  -1.43574861e-07, 
                -3.55941863e-08,   2.51308016e-06,   1.12891809e-07,   1.57468190e-06,   5.74030795e-07, 
                 1.16682136e-06,  -3.97607932e-07,   2.64516221e-06,   2.15713503e-06,  -3.82157207e-08, 
                -1.88457770e-06,   9.07520313e-07,   5.69852491e-07,  -1.46545665e-06,  -1.61847124e-06, 
                -1.56088927e-06,   1.37732763e-08,  -2.88062255e-06,   1.55502239e-06 ]
            </glist_lbfgs>
            <old_direction shape='(1, 54)'>
             [  -0.00000000e+00,  -0.00000000e+00,  -0.00000000e+00,  -0.00000000e+00,  -0.00000000e+00, 
                -0.00000000e+00,  -0.00000000e+00,  -0.00000000e+00,  -0.00000000e+00,  -0.00000000e+00, 
                -0.00000000e+00,  -0.00000000e+00,  -0.00000000e+00,  -0.00000000e+00,  -0.00000000e+00, 
                -0.00000000e+00,  -0.00000000e+00,  -0.00000000e+00,  -0.00000000e+00,  -0.00000000e+00, 
                -0.00000000e+00,  -0.00000000e+00,  -0.00000000e+00,  -0.00000000e+00,  -0.00000000e+00, 
                -0.00000000e+00,  -0.00000000e+00,  -0.00000000e+00,  -0.00000000e+00,  -0.00000000e+00, 
                -0.00000000e+00,  -0.00000000e+00,  -0.00000000e+00,  -0.00000000e+00,  -0.00000000e+00, 
                -0.00000000e+00,  -0.00000000e+00,  -0.00000000e+00,  -0.00000000e+00,  -0.00000000e+00, 
                -0.00000000e+00,  -0.00000000e+00,  -0.00000000e+00,  -0.00000000e+00,  -0.00000000e+00, 
                -0.00000000e+00,  -0.00000000e+00,  -0.00000000e+00,  -0.00000000e+00,  -0.00000000e+00, 
                -0.00000000e+00,  -0.00000000e+00,  -0.00000000e+00,  -0.00000000e+00 ]
            </old_direction>
            <qlist_lbfgs shape='(6, 54)'>
             [   3.50580972e-04,   1.37285907e-03,  -5.44411448e-04,   5.07036799e-04,   4.40546083e-04, 
                 9.33621469e-04,   4.36632196e-04,   6.02959490e-04,  -2.12130524e-03,   7.87955997e-05, 
                 5.43565249e-04,  -1.10991260e-03,  -5.39900237e-04,  -6.92860725e-04,  -2.52142437e-04, 
                -7.25657743e-04,  -2.42217280e-03,  -9.38706871e-04,  -4.68906672e-04,  -9.43643516e-04, 
                 1.65199033e-03,   1.60713842e-03,   9.79738392e-04,  -3.35623407e-04,  -1.69884362e-03, 
                 1.51328950e-04,   1.77848521e-04,   3.71476855e-04,  -1.34646423e-04,   1.20207836e-03, 
                 4.15327822e-04,   5.63756151e-04,   1.61242486e-04,  -1.41136435e-03,  -9.98535671e-04, 
                 1.57837378e-03,   8.25214267e-04,   1.01541218e-03,   2.06005457e-04,   3.15898605e-04, 
                 3.88261865e-04,  -1.43339425e-03,   2.80870621e-04,  -1.42221193e-03,  -1.38848443e-04, 
                 4.28745472e-04,   1.15272768e-03,  -3.92028786e-04,  -3.26837285e-04,   8.10674869e-05, 
                 1.10426438e-03,  -4.46207729e-04,  -6.78151536e-04,   2.50948702e-04,   1.77067100e-03, 
                 3.43060175e-03,  -1.27673864e-03,   1.20653085e-03,   6.52642342e-04,   2.77638291e-03, 
                 7.03670787e-04,   1.67666389e-03,  -5.12556866e-03,   2.79991237e-04,   7.83515458e-04, 
                -2.50881168e-03,  -5.55078033e-04,  -1.62572502e-03,  -9.34871797e-04,  -1.64562352e-03, 
                -5.42364775e-03,  -1.78904792e-03,  -1.35634118e-03,  -1.82698875e-03,   4.24840275e-03, 
                 4.83865434e-03,   1.83701055e-03,  -1.12674524e-03,  -4.39780712e-03,   6.87704480e-04, 
                -3.06130251e-04,   7.38951590e-04,  -6.80698563e-04,   3.19141767e-03,   7.27942060e-04, 
                 8.93466393e-04,   4.00464398e-04,  -4.19404102e-03,  -2.16068815e-03,   4.92045297e-03, 
                 1.96663467e-03,   2.42754798e-03,   6.02685777e-04,   1.07823729e-03,   1.57892406e-03, 
                -3.82542564e-03,   4.47721723e-04,  -2.99162853e-03,  -6.25115870e-04,   6.23725074e-04, 
                 3.21632846e-03,  -6.38241699e-04,  -9.98860023e-04,   7.30339815e-04,   1.74601269e-03, 
                -1.23497974e-03,  -3.20536841e-03,   2.70878233e-04,   1.38251864e-03,   9.66511149e-04, 
                -6.66257514e-04,  -6.78320315e-06,   2.27793141e-04,   1.81640321e-03,   1.61806576e-04, 
                 6.72603640e-04,  -2.57020799e-03,   3.68443479e-04,   1.26387913e-04,  -9.67602715e-04, 
                 1.23328895e-04,  -7.32571356e-04,  -7.70572694e-04,  -7.32483325e-04,  -2.25226424e-03, 
                -4.89378554e-04,  -1.00554613e-03,  -7.13495406e-04,   2.38656514e-03,   3.35070577e-03, 
                 1.12822667e-03,  -5.99437826e-04,  -2.88714406e-03,   2.63145864e-04,  -8.00648324e-04, 
                 3.83852287e-04,  -3.13838202e-04,   1.39220545e-03,   4.04464026e-04,   1.38657969e-04, 
                -2.46359106e-04,  -2.86618474e-03,  -2.53552724e-03,   3.36315316e-03,   1.75152115e-03, 
                 1.86910270e-03,   5.96135751e-04,   4.42250879e-04,   1.43015317e-03,  -2.13800033e-03, 
                 5.73117038e-04,  -1.20694002e-03,  -7.93304640e-04,  -9.03182488e-05,   1.42551258e-03, 
                -4.79997720e-04,  -7.88857998e-04,   6.97755272e-04,   4.72869854e-04,  -5.64691033e-04, 
                -1.19121361e-03,   4.94434847e-04,   2.61303649e-04,  -7.11353239e-04,   1.63845485e-04, 
                -2.99940121e-04,  -2.23546289e-04,  -1.19129886e-07,  -4.53724676e-04,  -2.79045054e-05, 
                 7.18618794e-04,   9.81449038e-05,  -3.93481995e-04,   5.56673097e-04,   5.06882222e-04, 
                 3.48442522e-04,  -1.24640982e-04,   4.03577191e-04,   1.16527600e-03,   5.88066557e-04, 
                 2.39000140e-05,   4.68544640e-04,  -5.61022704e-04,  -8.54968595e-05,  -5.05943923e-04, 
                -1.05494557e-05,   2.41682012e-04,   2.50679541e-05,  -5.05223070e-04,  -2.72811052e-04, 
                -9.03801983e-05,  -4.65746475e-04,  -2.52583168e-04,  -3.64768716e-04,  -2.11028873e-04, 
                 4.94339293e-05,   1.59660942e-04,   3.53853806e-05,  -1.15635486e-04,  -2.09899619e-04, 
                 7.71532564e-05,   2.28678915e-05,  -7.01448718e-06,   4.89946555e-04,   1.92784854e-05, 
                 7.59627431e-04,  -1.85757968e-04,  -3.67724584e-04,  -2.13387762e-04,   2.56602475e-04, 
                 1.10304738e-05,   1.73490380e-04,  -8.21207669e-04,   2.09815177e-04,  -3.52429131e-04, 
                -9.95273108e-07,   4.29638570e-04,  -6.60670559e-04,   1.02898236e-04,  -2.38549796e-04, 
                -1.53199323e-04,   1.81080088e-04,  -4.98250666e-04,  -1.69189146e-04,   7.04620403e-04, 
                 1.75833518e-04,  -4.62062126e-04,   5.84253556e-04,   6.37097424e-04,   4.31426250e-04, 
                -2.81288501e-04,   5.17862274e-04,   1.19016782e-03,   6.08857904e-04,  -8.61625336e-05, 
                 5.43701631e-04,  -6.95312713e-04,   1.00676656e-04,  -4.23296999e-04,  -2.58068285e-05, 
                 7.06086254e-05,   9.53290815e-05,  -7.34117401e-04,  -3.77715243e-04,  -1.63423707e-04, 
                -4.85920271e-04,  -3.28719084e-04,  -3.66400213e-04,  -3.08647349e-04,  -1.37695809e-04, 
                -7.79902818e-05,   2.94757354e-04,  -1.37392369e-04,  -2.38671810e-04,   1.68217257e-04, 
                -5.71874419e-05,   2.27568476e-04,   6.02043156e-04,   9.28954972e-05,   8.92707249e-04, 
                -2.42954335e-04,  -3.81879728e-04,  -2.78986622e-04,   3.05097512e-04,  -1.04544298e-04, 
                 8.01771298e-05,  -9.50789046e-04,   3.23484403e-04,  -4.67186851e-04,   1.73010976e-04, 
                 0.00000000e+00,   0.00000000e+00,   0.00000000e+00,   0.00000000e+00,   0.00000000e+00, 
                 0.00000000e+00,   0.00000000e+00,   0.00000000e+00,   0.00000000e+00,   0.00000000e+00, 
                 0.00000000e+00,   0.00000000e+00,   0.00000000e+00,   0.00000000e+00,   0.00000000e+00, 
                 0.00000000e+00,   0.00000000e+00,   0.00000000e+00,   0.00000000e+00,   0.00000000e+00, 
                 0.00000000e+00,   0.00000000e+00,   0.00000000e+00,   0.00000000e+00,   0.00000000e+00, 
                 0.00000000e+00,   0.00000000e+00,   0.00000000e+00,   0.00000000e+00,   0.00000000e+00, 
                 0.00000000e+00,   0.00000000e+00,   0.00000000e+00,   0.00000000e+00,   0.00000000e+00, 
                 0.00000000e+00,   0.00000000e+00,   0.00000000e+00,   0.00000000e+00,   0.00000000e+00, 
                 0.00000000e+00,   0.00000000e+00,   0.00000000e+00,   0.00000000e+00,   0.00000000e+00, 
                 0.00000000e+00,   0.00000000e+00,   0.00000000e+00,   0.00000000e+00,   0.00000000e+00, 
                 0.00000000e+00,   0.00000000e+00,   0.00000000e+00,   0.00000000e+00 ]
            </qlist_lbfgs>
         </optimizer>
      </motion>
      <beads natoms='18' nbeads='1'>
         <q shape='(1, 54)'>
          [   1.94888918e+01,   1.83092955e+01,   1.60283907e+01,   2.20134895e+01,   1.96027254e+01, 
              1.68338534e+01,   1.92859770e+01,   1.94549176e+01,   2.17974969e+01,   1.92010816e+01, 
              1.67123241e+01,   2.08205099e+01,   2.29510301e+01,   1.83952484e+01,   2.05127811e+01, 
              2.55472162e+01,   1.77180425e+01,   1.91882934e+01,   1.57569962e+01,   1.66998280e+01, 
              1.81200813e+01,   1.69168591e+01,   1.40824468e+01,   1.72075529e+01,   1.26828992e+01, 
              1.87675649e+01,   2.03855100e+01,   1.48413499e+01,   2.03867895e+01,   1.91333543e+01, 
              1.87557058e+01,   2.14730125e+01,   1.80229295e+01,   1.77059334e+01,   2.38938452e+01, 
              1.95254255e+01,   2.03840814e+01,   1.99389633e+01,   1.59456816e+01,   2.00913386e+01, 
              1.77983537e+01,   2.20480539e+01,   2.42378994e+01,   1.90021047e+01,   1.92625062e+01, 
              1.73764943e+01,   1.57549546e+01,   1.78091522e+01,   1.36004072e+01,   1.89957065e+01, 
              1.88100930e+01,   1.76440606e+01,   2.20588521e+01,   1.94976253e+01 ]
         </q>
         <p shape='(1, 54)'>
          [   0.00000000e+00,   0.00000000e+00,   0.00000000e+00,   0.00000000e+00,   0.00000000e+00, 
              0.00000000e+00,   0.00000000e+00,   0.00000000e+00,   0.00000000e+00,   0.00000000e+00, 
              0.00000000e+00,   0.00000000e+00,   0.00000000e+00,   0.00000000e+00,   0.00000000e+00, 
              0.00000000e+00,   0.00000000e+00,   0.00000000e+00,   0.00000000e+00,   0.00000000e+00, 
              0.00000000e+00,   0.00000000e+00,   0.00000000e+00,   0.00000000e+00,   0.00000000e+00, 
              0.00000000e+00,   0.00000000e+00,   0.00000000e+00,   0.00000000e+00,   0.00000000e+00, 
              0.00000000e+00,   0.00000000e+00,   0.00000000e+00,   0.00000000e+00,   0.00000000e+00, 
              0.00000000e+00,   0.00000000e+00,   0.00000000e+00,   0.00000000e+00,   0.00000000e+00, 
              0.00000000e+00,   0.00000000e+00,   0.00000000e+00,   0.00000000e+00,   0.00000000e+00, 
              0.00000000e+00,   0.00000000e+00,   0.00000000e+00,   0.00000000e+00,   0.00000000e+00, 
              0.00000000e+00,   0.00000000e+00,   0.00000000e+00,   0.00000000e+00 ]
         </p>
         <m shape='(18)'>
          [   1.83736223e+03,   1.83736223e+03,   1.83736223e+03,   1.83736223e+03,   1.83736223e+03, 
              1.83736223e+03,   1.83736223e+03,   1.83736223e+03,   1.83736223e+03,   1.83736223e+03, 
              1.83736223e+03,   1.83736223e+03,   2.91651223e+04,   2.91651223e+04,   2.91651223e+04, 
              2.91651223e+04,   2.91651223e+04,   2.91651223e+04 ]
         </m>
         <names shape='(18)'>
          [ H, H, H, H, H, 
            H, H, H, H, H, 
            H, H, O, O, O, 
            O, O, O ]
         </names>
      </beads>
      <forces>
         <force forcefield='ipi_vasp'>
         </force>
      </forces>
      <ensemble>
         <stress shape='(3, 3)'>
          [  -1.00000000e+00,  -1.00000000e+00,  -1.00000000e+00,  -1.00000000e+00,  -1.00000000e+00, 
             -1.00000000e+00,  -1.00000000e+00,  -1.00000000e+00,  -1.00000000e+00 ]
         </stress>
         <temperature>  1.00000000e+00</temperature>
         <hamiltonian_weights shape='(1)'> [   1.00000000e+00 ] </hamiltonian_weights>
      </ensemble>
   </system>
</simulation>
