<simulation verbosity='high' mode='static'>
   <step>65</step>
   <total_steps>100</total_steps>
   <output prefix='h2o_hex_cage_geop'>
      <properties filename='prp' shape='(2)'> [ step, potential{electronvolt} ] </properties>
      <trajectory filename='trj'>positions{angstrom}</trajectory>
   </output>
   <prng>
      <set_pos>624</set_pos>
      <state shape='(624)'>
       [ 27182, 2285797927, 1599219099, 2428387269, 2644617351, 
         1805232510, 3855472161, 79408497, 3086214813, 2080248772, 
         2318744003, 53416496, 832429308, 1768885113, 4131044966, 
         1708403432, 806002429, 3090226914, 1292308082, 329858674, 
         558802190, 2780667035, 2966137203, 203313836, 3572017652, 
         1551973772, 3553148347, 3418509747, 3711003276, 4100886920, 
         978308853, 3153118152, 2437568722, 1233934897, 3623044370, 
         1919375576, 1799433921, 2046570981, 2758718234, 590119071, 
         1237112291, 1461998675, 3098748548, 1408624905, 2029140052, 
         3188242102, 2451728690, 841887775, 3906114411, 1942933561, 
         2945326666, 2235464347, 3882958737, 1068578511, 3404228321, 
         2498595169, 1710370631, 2797804759, 3678100803, 3490908795, 
         828725652, 2633534369, 2252231309, 3870169514, 772444397, 
         3291808450, 1185570663, 2987342209, 1012780019, 449544740, 
         971742330, 2953315945, 260492159, 1737375844, 1515746595, 
         2273536181, 3672326015, 84240441, 3312951243, 2871792183, 
         4187262009, 1144806707, 3725494028, 1735086142, 16867375, 
         2538412512, 24324224, 1318812375, 3689807046, 646784786, 
         1763118196, 2130020228, 1292346581, 1829075969, 1451617374, 
         1491998938, 2470052295, 1228415002, 823139849, 2578295536, 
         1453192158, 1928105568, 3224180139, 1777890223, 1454359054, 
         3835336532, 3277604029, 2103627105, 1971545932, 4265277134, 
         384963663, 2089372314, 156525207, 1026471172, 3311963910, 
         3689749100, 884593983, 2838026576, 581476304, 146627975, 
         1282680251, 3524881627, 2570029490, 3829433067, 131714564, 
         4199181329, 531645848, 3706834295, 545596228, 3141684821, 
         896956373, 2695971980, 193071754, 2746745591, 2179024943, 
         3267137352, 1277209631, 3788633695, 20016854, 1017856249, 
         1747248073, 1860953717, 1049755730, 1812202217, 3078311448, 
         2066201299, 2372212588, 4000193785, 1103706422, 1753416264, 
         870840419, 757529254, 2400041494, 1334517373, 4204225414, 
         3063902484, 3221644362, 3090129514, 2039266214, 3666045058, 
         3494659205, 1718402943, 4292082520, 2745360010, 772838476, 
         704327329, 779390763, 3267854238, 1431002777, 2994973345, 
         1387826681, 3901864835, 3746986540, 2412403768, 63401360, 
         4131408511, 3902652316, 2200023404, 104914712, 1755569451, 
         3190275142, 524921737, 1100742339, 758076737, 3910364253, 
         4164554703, 2146461750, 790596974, 3223628578, 133377474, 
         1589370952, 3643117196, 4278502955, 1980077705, 192621674, 
         1631797397, 2435034920, 3723990615, 2657960938, 3049976655, 
         2019636009, 3369179025, 567013220, 877524799, 2999731111, 
         1347223014, 1200737265, 372827775, 424011755, 3709748104, 
         3957524905, 2355415781, 1420471543, 1084220387, 2738281216, 
         2498132641, 889495079, 713442620, 3601493382, 8151892, 
         3917948160, 3157603852, 491639396, 638027347, 3089066655, 
         2596148690, 526052338, 2462161245, 3339606623, 2139677489, 
         149312214, 1359820117, 4044095244, 3533940948, 30256317, 
         1019300988, 3516238296, 3754071892, 1109673281, 1713279791, 
         353742870, 90455967, 2549232045, 3203219966, 1775166816, 
         2835900730, 2972220430, 61824435, 1631175575, 3868160295, 
         35645486, 2870556961, 1417430731, 4268755119, 596343002, 
         4020852993, 1971335370, 4013745176, 2580902569, 843104634, 
         1030529062, 3331950083, 759684870, 4108268645, 2246329158, 
         2179591901, 238654981, 2753814020, 2384580458, 3073211669, 
         3162810913, 3394821086, 2713912385, 2433583744, 453326940, 
         3468458335, 2396135008, 4158025663, 3884560962, 1434394044, 
         1312547241, 4110086241, 3696445892, 2009635742, 4073094615, 
         3799128513, 4078632104, 1737110422, 3963824819, 2468874385, 
         3144093217, 1026445298, 866913694, 2105339515, 1530880328, 
         1611690996, 1010752977, 2788777374, 2801691574, 3958362927, 
         3285507464, 3763850244, 117718769, 1861406532, 2107290729, 
         661444153, 3022259887, 2223257716, 1570467266, 1617209892, 
         700968655, 1448542178, 1652060359, 3947394391, 1068253022, 
         2960150353, 3859265531, 2319928853, 2374836049, 1035323390, 
         1085331062, 969624884, 2784119494, 3723912343, 2652169128, 
         2109328727, 4002089524, 13858810, 1048125674, 382547867, 
         3136676977, 493465002, 2689040222, 3403775129, 383423504, 
         3387489183, 148226524, 4263000349, 1844549672, 534641280, 
         924997076, 3913699833, 1618158328, 2884832916, 2546796678, 
         2299461997, 4172871973, 4133069657, 2571017694, 422774057, 
         2936208267, 1367904108, 664595553, 4262472870, 3100175227, 
         3919030560, 3058595635, 3642048698, 3591670627, 3293666887, 
         1130927676, 1750396026, 4151058673, 2045280997, 1258531168, 
         465419698, 3292404392, 2272463334, 1978264676, 3348058698, 
         2056489279, 962155753, 219034209, 204917434, 657557208, 
         3348876463, 1236520276, 3324346626, 836530143, 3337583478, 
         1639994277, 4146054449, 4235104312, 2557180870, 3120544212, 
         2570180847, 138177539, 3451468210, 2311748953, 2339776876, 
         3419158508, 218757586, 3898536802, 291237838, 2201803728, 
         4083424613, 1879388362, 4072006820, 3450967665, 1706122889, 
         4789560, 1840797865, 1036313562, 4019425429, 3115471554, 
         4108543829, 1801374852, 3413958416, 959065879, 511239340, 
         2294695286, 3885005919, 3843182056, 1901625940, 2180901415, 
         780021560, 3382024888, 3069255784, 3529540980, 2176997526, 
         253765640, 2773750989, 519568977, 254259356, 3698338612, 
         1642233180, 2096970843, 1940585261, 2433984008, 2195840415, 
         3456136607, 2355291195, 2562034989, 410508348, 566886750, 
         553638345, 2969337601, 2964044004, 2952596084, 3936897093, 
         620493654, 2554671271, 181895123, 489839354, 1818472542, 
         55602744, 4248794582, 4109073352, 2897509335, 4165786058, 
         3613228815, 2318699903, 1088338197, 1215740585, 458460686, 
         1230932813, 1777115844, 4242187906, 3202726831, 1607311884, 
         3258246637, 2674726579, 2449845923, 1494814804, 3740528729, 
         206831443, 3490457745, 1249912173, 2391380336, 3980027343, 
         2971162450, 142885991, 2006654331, 2035215611, 197872252, 
         3413426375, 3046437680, 407352983, 2804079217, 348961854, 
         322270294, 2779966927, 494241987, 2263110098, 1686935796, 
         1946580878, 3580998737, 2509899841, 4060487511, 242897421, 
         3867563531, 2437036819, 2318690465, 857834812, 288009882, 
         1534938801, 2388409696, 2364255131, 4110325327, 317979119, 
         3029042239, 1048236806, 2928507220, 756672229, 2483791697, 
         1013543096, 4159959698, 772099632, 1648331500, 2363860606, 
         1511460074, 1601101238, 1063610931, 3023909664, 2591055980, 
         485682025, 665916273, 2690328218, 969249790, 3138933565, 
         2950598883, 1618908110, 766712245, 4032693108, 1899171583, 
         2367478339, 2163599027, 1951383268, 1692524393, 2843987481, 
         1896465849, 3685907371, 1932505948, 475630278, 1845606452, 
         3082095616, 2313736418, 918702713, 2849055959, 3389818660, 
         2438345599, 2633709422, 1941547962, 2604979686, 568027412, 
         374876933, 1223796763, 2869116517, 1568522183, 4104626499, 
         2754469990, 2783645083, 724713605, 3472728994, 3423189423, 
         1474776839, 683042186, 2870143903, 1272511519, 2556004357, 
         2974772211, 347115846, 676448464, 3932916803, 3762067316, 
         1027044136, 3650672894, 1347945224, 2912421317, 4102211772, 
         2252369045, 497592526, 2072172930, 4154191340, 2019739785, 
         939648999, 3911982947, 4141007649, 3649188012, 2771639886, 
         327246400, 2673870213, 1585999753, 3158035183, 3416975049, 
         1467296251, 3532020716, 1304309398, 1830302431, 165077475, 
         3521027037, 3645853413, 1573730574, 3102313532, 3991110856, 
         3798010218, 3425757633, 4172484063, 571684386, 2356842433, 
         899618119, 3541526108, 2929540309, 1735987758, 4039661031, 
         3191662929, 204110621, 577771984, 146440560, 183108497, 
         3476226967, 2501287879, 1741715485, 2655674737, 1873018821, 
         2112868027, 609491914, 1385435931, 1348105644, 1348797612, 
         3826675629, 1952460819, 1277860744, 3872043132 ]
      </state>
      <seed>27182</seed>
   </prng>
   <ffsocket name='ipi_vasp'>
      <address>19.19.19.100</address>
      <port>31415</port>
   </ffsocket>
   <system>
      <cell shape='(3, 3)'>
       [   3.77945220e+01,   2.31424702e-15,   2.31424702e-15,   0.00000000e+00,   3.77945220e+01, 
           2.31424702e-15,   0.00000000e+00,   0.00000000e+00,   3.77945220e+01 ]
      </cell>
      <motion mode='minimize'>
         <optimizer>
            <tolerances>
               <force>  2.00000000e-04</force>
            </tolerances>
            <glist_lbfgs shape='(6, 54)'>
             [   5.25776944e-05,   1.13938739e-04,  -3.85722669e-06,   8.50861817e-05,  -9.62651183e-06, 
                 2.85937135e-05,  -5.32365417e-05,   9.25181066e-05,  -2.93068199e-05,   5.34055450e-05, 
                 8.12490637e-05,   7.26378366e-05,  -5.75642891e-05,   2.77313561e-06,   3.82364150e-05, 
                -1.10347891e-04,   1.26103275e-04,  -1.07619003e-05,  -4.17550397e-05,   3.58758490e-06, 
                 6.09759900e-06,   2.84855147e-05,   1.91035091e-04,   6.99097372e-05,  -5.18635282e-05, 
                -2.45767614e-05,   5.31426161e-05,   4.08014948e-05,  -4.15875696e-05,  -3.43507333e-05, 
                -3.55953076e-06,   7.91913778e-06,  -3.80293721e-05,   8.13567085e-06,  -7.43236599e-05, 
                -1.33057947e-05,  -1.34180967e-04,  -9.04577910e-05,  -2.01076161e-05,  -1.15786629e-05, 
                -1.73925954e-04,  -5.38220730e-05,   1.87725179e-04,  -1.38569401e-04,  -2.06700126e-05, 
                 4.64705647e-05,  -1.97414743e-04,  -7.01352380e-05,  -2.22923136e-05,   5.63466383e-05, 
                -2.30882515e-05,  -1.63090805e-05,   7.50116190e-05,   4.88171207e-05,  -1.94995649e-05, 
                -2.92825349e-05,   1.08108867e-05,  -2.51877726e-05,   4.55720195e-06,  -1.85411969e-05, 
                 3.92889322e-05,  -8.03910562e-05,   7.25088284e-07,  -2.88894162e-05,  -4.14379744e-05, 
                -5.35407157e-05,   4.62784253e-06,   1.50911355e-05,  -1.59426746e-05,   9.01448880e-05, 
                -8.29639510e-05,  -1.68616974e-05,   7.23845271e-05,  -6.53931822e-05,  -2.36180587e-05, 
                -7.09471672e-05,  -1.74856194e-04,  -6.15435069e-05,  -5.12174904e-05,  -2.73411518e-05, 
                 4.88245132e-05,   3.36374674e-05,  -2.26882965e-05,  -3.39675692e-05,  -2.41989981e-05, 
                 1.33236075e-05,   1.86294176e-05,   1.51237153e-05,   1.43062989e-04,  -7.35607647e-06, 
                 4.93743983e-05,   4.73116872e-05,   1.44916661e-05,  -7.29459534e-06,   1.28195032e-04, 
                 4.42099545e-05,  -9.23479796e-05,   5.83653295e-05,   3.71752961e-05,   2.89333760e-06, 
                 2.42940724e-04,   8.74842211e-05,   8.01534062e-06,   3.60472129e-05,  -1.82425381e-05, 
                 4.09253546e-06,  -1.64540579e-04,  -1.27370097e-05,   1.95202206e-05,   2.85707552e-05, 
                 2.63233583e-05,  -2.94532649e-05,  -2.28190787e-06,   2.02130746e-06,   6.31989825e-05, 
                -1.00180636e-04,   7.83743759e-06,  -3.85617896e-05,  -7.10505260e-05,  -7.96707707e-05, 
                -1.53872903e-05,  -7.03736788e-06,   1.06872135e-05,  -4.14614806e-06,  -1.01546130e-06, 
                -1.31115416e-06,   1.47944625e-05,  -2.16857741e-05,  -2.03988655e-05,  -2.75140990e-05, 
                -4.13790787e-05,  -1.22239205e-05,  -1.94961304e-05,  -2.11897856e-05,  -1.88057312e-05, 
                 4.38864966e-05,   1.36366084e-05,  -3.59612999e-05,  -6.06379446e-06,  -3.67940487e-06, 
                 4.52618722e-05,   1.23610278e-05,   8.38051659e-05,  -4.27481587e-06,   4.63478695e-06, 
                 1.06739277e-05,  -4.25864606e-05,  -1.36709421e-05,   1.80883763e-04,   7.21612193e-05, 
                 2.90923561e-05,  -2.96936157e-06,  -4.30753909e-06,  -5.63670180e-07,   5.64452033e-05, 
                 2.10230434e-05,  -2.30854649e-05,  -6.54543288e-06,   5.74771024e-05,  -9.54573927e-06, 
                -9.50006868e-05,  -2.32519965e-05,   6.79699890e-05,   1.22060896e-04,   4.28454825e-05, 
                 5.32859630e-06,  -1.30880105e-06,   3.78848571e-05,  -6.31524829e-06,   8.29783119e-05, 
                -1.40180778e-05,   6.21462415e-05,   2.98197000e-05,   3.83061545e-05,   3.18011733e-05, 
                -3.05291208e-06,  -1.68628586e-05,   2.96967918e-05,  -5.56655418e-05,   8.49343344e-06, 
                 2.70216674e-05,  -1.78662020e-05,  -3.19736442e-05,  -4.86799632e-05,  -1.43513277e-04, 
                -4.49246297e-05,  -1.17548342e-04,  -3.39497295e-05,   1.56134407e-04,  -1.98022590e-05, 
                -2.98528076e-05,  -3.36725344e-05,   1.15080600e-05,  -1.79326658e-05,   8.57590408e-05, 
                 1.51934067e-05,   9.45757494e-05,  -5.63978317e-06,  -8.75916980e-05,  -5.22051664e-05, 
                -1.18728715e-04,  -2.96724662e-05,  -1.05808808e-04,  -2.35887699e-05,  -5.02943115e-05, 
                 4.02856547e-05,   2.47026742e-05,  -2.45818013e-05,   1.59005509e-04,   6.04807019e-05, 
                 1.68763464e-04,   3.68673023e-05,  -1.15933365e-04,  -3.49432999e-05,  -1.04437213e-04, 
                -4.92643736e-05,  -7.41443251e-05,  -9.80555694e-05,   3.89950660e-05,  -9.58135548e-05, 
                 4.02881107e-05,  -3.22093493e-05,   1.13980545e-04,  -1.88120449e-04,   2.06537971e-05, 
                -7.69842214e-05,  -1.34414592e-04,  -1.46196981e-04,  -9.90629497e-06,  -4.13389653e-05, 
                 3.85808193e-05,  -1.06212007e-04,   6.61640176e-05,   2.19361710e-05,  -8.83939064e-05, 
                 7.75071843e-05,  -2.01451956e-06,   7.17383059e-05,   2.39935035e-04,   9.35384031e-05, 
                 2.12514594e-04,   7.51382715e-05,  -3.54973848e-04,   7.21896407e-05,   9.18103163e-05, 
                 3.87554587e-05,   3.77721265e-05,  -3.98995447e-05,   2.66371612e-05,   8.60995237e-06, 
                -1.32808261e-04,  -7.80724848e-06,   1.76506503e-04,   1.38375802e-04,  -4.08690994e-05, 
                -1.11515415e-05,   3.44535169e-04,   1.32978590e-04,   1.25643154e-04,  -4.77216808e-05, 
                -4.62121775e-05,  -2.05417946e-05,  -3.41266236e-04,  -1.20284391e-04,  -3.01683957e-04, 
                -2.07607843e-04,   3.26847425e-04,  -3.41232203e-05,   1.57479235e-04,   1.16447225e-05, 
                -3.31207007e-07,   1.83035029e-05,  -1.36411009e-05,   2.68778488e-05,   9.27918390e-06, 
                 4.36622663e-06,  -7.92429492e-05,   1.52543857e-04,  -1.97744770e-05,   6.36553935e-05, 
                 8.69925369e-05,   9.74627945e-05,   2.79459929e-05,   7.07908856e-06,  -1.74779516e-05, 
                 1.57627018e-05,  -2.44211919e-05,   3.38388329e-06,   7.90229991e-06,   3.35519887e-06, 
                 4.39690511e-06,  -2.89785527e-06,  -5.56239393e-05,  -2.05412467e-05,  -6.08764544e-05, 
                 2.12160745e-06,   1.45288148e-04,  -8.52811625e-05,  -6.44168933e-05,   1.72035298e-05, 
                 1.00492700e-05,  -4.14742515e-06,  -1.91355979e-05,  -6.72401570e-06,  -4.17707628e-05, 
                -5.57850421e-07,  -2.56303189e-05,  -3.90839081e-05,   2.03391132e-05,   1.68731337e-05, 
                -2.46368601e-04,  -8.07633672e-05,  -4.92526962e-05,   1.99760020e-05,   1.46030412e-05, 
                -8.43068205e-06,   6.47065833e-05,   2.69277110e-05,   1.53361629e-04,   6.50136230e-05, 
                -1.65148614e-04,  -3.76092856e-06,   4.64615378e-05,   3.06885300e-06 ]
            </glist_lbfgs>
            <old_direction shape='(1, 54)'>
             [   1.02698837e-04,   6.38180374e-04,  -2.27678133e-04,   2.75048364e-04,   1.05385621e-03, 
                 1.23560482e-04,   4.69440059e-05,  -4.41800837e-05,   3.61056075e-04,   2.44669935e-04, 
                 5.06034481e-05,   1.58631334e-04,   3.47945523e-04,  -4.18960636e-05,   1.08693289e-04, 
                -6.17128317e-04,  -6.51417259e-04,  -7.23219434e-04,  -1.48431519e-04,   3.63887189e-05, 
                -2.37072274e-04,   3.45536786e-04,  -1.96758393e-04,  -5.13027935e-04,  -3.94410851e-04, 
                -2.76937723e-04,  -8.87882555e-04,  -9.51440784e-04,  -1.33356410e-04,   6.07953176e-04, 
                 5.38847159e-05,   1.25483291e-04,   4.48924476e-04,   7.91238938e-05,  -1.39297815e-04, 
                 1.01823137e-03,  -1.23820965e-04,   6.94012964e-04,   5.11139807e-04,   4.26950771e-04, 
                -3.28222394e-04,  -1.48682556e-04,   4.65325264e-05,  -9.41074734e-06,  -9.62076705e-05, 
                -1.31458281e-04,  -1.04316412e-04,  -4.28788694e-04,   3.20819108e-04,  -6.35054755e-04, 
                -7.18548272e-04,   7.65362525e-05,  -3.76769483e-05,   6.42917514e-04 ]
            </old_direction>
            <qlist_lbfgs shape='(6, 54)'>
             [   8.82631970e-04,   2.14563147e-03,  -2.67985427e-04,   9.61694796e-04,   1.54375589e-03, 
                 6.16684322e-04,  -6.45617300e-05,   3.38876728e-04,  -1.29820945e-03,   7.07177622e-04, 
                 2.04801829e-04,  -3.11466074e-04,   2.41293363e-04,  -1.84899308e-04,  -8.61650263e-05, 
                -1.07649053e-03,  -2.30516058e-03,  -2.06847817e-03,   1.29643872e-04,  -4.42732301e-04, 
                -2.96238052e-04,   1.18677333e-03,   8.86798726e-04,  -4.35998639e-04,  -2.39463602e-03, 
                -1.66870493e-04,  -7.16122111e-04,   3.10320623e-05,  -1.91724321e-03,   3.20464900e-04, 
                -3.26565272e-04,   4.33870442e-04,   7.85224172e-04,  -1.10899931e-03,  -1.25275697e-03, 
                 2.60699987e-03,   6.75655504e-04,   1.95527319e-03,   7.47618244e-04,   1.96335116e-04, 
                 2.59898441e-04,  -4.18225518e-04,   9.92870294e-04,  -8.29193786e-04,   8.43253999e-05, 
                 7.56245893e-04,   6.24133050e-04,  -5.27213590e-04,  -1.64651733e-03,  -1.62985809e-04, 
                -4.28596139e-04,  -1.43583628e-04,  -1.13119730e-03,   1.69338129e-03,   5.43115232e-04, 
                 1.71459709e-03,  -4.76889088e-05,   4.88791881e-04,   1.39777907e-03,   3.53769368e-04, 
                 1.73096346e-04,   7.77293710e-05,  -7.61521486e-04,   5.43052194e-04,   4.68269329e-05, 
                -3.79250096e-04,   2.40272446e-04,  -1.80531538e-04,  -2.90667019e-05,  -8.15830128e-04, 
                -2.06247660e-03,  -1.67506265e-03,   1.37833467e-04,  -4.16747459e-04,  -4.09893526e-04, 
                 6.18603780e-04,   2.57465767e-04,  -4.91457532e-04,  -1.78818253e-03,  -3.52613449e-04, 
                -5.70890415e-04,   1.23732644e-06,  -1.31807884e-03,   2.12892940e-04,  -1.95459744e-04, 
                 2.88942039e-04,   9.12663145e-04,  -5.08445757e-04,  -5.90213114e-04,   1.84944537e-03, 
                 6.31039689e-04,   1.75949052e-03,   3.51433993e-04,   1.51961623e-04,   3.44624066e-04, 
                -1.20793073e-04,   5.22706238e-04,  -4.89131624e-04,   1.63465112e-04,   4.50913888e-04, 
                 6.97913396e-04,  -3.43997134e-04,  -9.68509875e-04,  -2.95815963e-04,  -2.20124003e-04, 
                -2.26196079e-04,  -8.79759661e-04,   1.20607560e-03,   4.44249209e-04,   1.83319605e-03, 
                 1.83766618e-04,   1.46739653e-04,   1.49506475e-03,   2.65954873e-04,   4.17554141e-04, 
                 1.18658046e-05,  -3.63341943e-04,   5.63054229e-04,  -2.20144854e-05,  -4.19659860e-04, 
                 2.53077967e-04,  -2.73107110e-04,   7.76860211e-05,  -1.06910844e-03,  -1.94857705e-03, 
                -1.56289548e-03,  -6.31621937e-05,  -2.94778596e-04,  -5.82570838e-04,   3.49162012e-04, 
                 1.18112755e-04,  -4.90383052e-04,  -1.47366968e-03,  -6.15537438e-04,  -6.41238805e-04, 
                -1.10611260e-04,  -7.65662543e-04,   1.67748999e-04,   4.15624062e-05,   1.37485230e-04, 
                 1.30124392e-03,  -3.36588774e-05,  -3.11270468e-04,   1.48142940e-03,   4.94264729e-04, 
                 1.71878660e-03,  -2.19356381e-04,   1.28786849e-04,   2.14940069e-04,   7.12991784e-05, 
                 5.03921461e-04,  -4.75231580e-04,   1.49952570e-04,   1.87020359e-04,   2.61582553e-04, 
                -4.53598522e-04,  -3.02843112e-04,  -6.23157164e-04,   9.06532305e-05,  -4.76339451e-04, 
                -4.61697378e-04,   9.43310062e-04,   5.98336047e-04,   3.13687964e-03,   4.14622669e-04, 
                 1.07869920e-04,   2.75268688e-03,   3.80227394e-04,   7.48886542e-04,   1.63743709e-04, 
                -1.62489999e-04,   1.09189688e-03,   6.11518356e-05,  -4.71141269e-04,   6.01814868e-04, 
                -4.91937986e-04,   2.00492342e-04,  -1.93650745e-03,  -3.19452970e-03,  -2.50288802e-03, 
                -2.43099735e-04,  -3.48128168e-04,  -1.12080106e-03,   3.68262825e-04,  -1.76843883e-04, 
                -9.59114476e-04,  -2.17644491e-03,  -1.17647188e-03,  -1.12286184e-03,  -6.51584866e-04, 
                -9.42392476e-04,   4.74000959e-04,   2.69785362e-04,   1.08296993e-04,   2.43417454e-03, 
                 3.85333719e-04,  -2.67308862e-04,   2.25012687e-03,   5.68810712e-04,   2.79658602e-03, 
                -6.51758075e-04,   2.90965546e-04,  -2.15338717e-04,   1.06319213e-04,   6.11824385e-04, 
                -6.25537958e-04,   2.63834746e-04,  -2.82211605e-06,   2.14578768e-04,  -8.38551459e-04, 
                 2.85875986e-04,  -1.38588617e-03,  -1.23440961e-04,  -9.19203713e-04,  -4.09548052e-04, 
                 1.42924843e-03,   6.62087023e-04,   3.56223900e-03,   2.14904148e-04,   3.53557189e-04, 
                 3.60686917e-03,   5.00257505e-04,   8.78509189e-04,  -1.31617270e-04,  -2.34200287e-04, 
                 1.16651270e-03,  -1.00232964e-04,  -6.76212329e-04,   8.15656312e-04,  -5.88377617e-04, 
                 2.76922176e-04,  -2.54294447e-03,  -3.82454686e-03,  -3.20407143e-03,  -3.71052637e-04, 
                -3.04153457e-04,  -1.23593386e-03,   9.40319558e-04,   2.21029210e-04,  -1.18029420e-03, 
                -2.47729229e-03,  -1.13110192e-03,  -2.25572567e-03,  -1.08508824e-03,  -1.32995512e-03, 
                 9.67308420e-04,   2.48617441e-04,   2.25570242e-04,   2.68763662e-03,   1.20384122e-04, 
                -8.05054315e-04,   3.30523173e-03,   9.67327102e-04,   3.71296943e-03,  -8.64089205e-05, 
                 5.70756570e-04,   2.96605474e-04,   1.27545613e-04,   9.85065026e-04,  -8.27076870e-04, 
                 1.37132819e-04,   6.52212233e-05,  -9.81563882e-05,  -1.28771258e-03,  -4.31905417e-04, 
                -1.98955387e-03,  -1.95801104e-04,  -8.65730409e-04,  -4.95455869e-04,   2.13942135e-03, 
                -8.31240069e-05,  -2.41130536e-04,  -1.09693351e-04,   3.66462944e-05,  -3.12855712e-05, 
                -3.38491541e-05,  -1.18466167e-04,   6.03707335e-05,   2.18545199e-04,  -3.08623305e-05, 
                 5.94753261e-05,   2.01541838e-04,   6.23983126e-05,   5.76215032e-05,   1.00685058e-05, 
                 8.18560297e-05,   2.69814128e-04,   1.72159724e-04,  -2.83996979e-05,   8.34763337e-05, 
                 5.89154233e-05,  -8.85877945e-06,  -1.62285619e-04,  -6.16811707e-05,   2.09249672e-04, 
                 4.37132815e-05,  -1.94075611e-05,  -3.29860677e-04,   1.34702935e-04,   1.46048145e-04, 
                 2.04466594e-05,  -4.99484189e-06,  -1.67616386e-04,   6.02101158e-05,   4.47886621e-05, 
                -7.32743977e-05,  -1.82165131e-04,  -2.38372652e-04,   1.99027848e-04,   1.14010252e-04, 
                -2.93237467e-04,  -8.99063164e-05,  -1.51231432e-04,   1.38426005e-04,  -5.68641356e-05, 
                -1.06291855e-04,  -4.69898588e-05,   2.58246566e-06,   3.23944867e-04,  -7.35885881e-06, 
                -3.43296579e-04,   1.30497875e-04,   1.33266496e-04,  -5.33000967e-05 ]
            </qlist_lbfgs>
         </optimizer>
      </motion>
      <beads natoms='18' nbeads='1'>
         <q shape='(1, 54)'>
          [   1.94955468e+01,   1.83232298e+01,   1.60265108e+01,   2.20186982e+01,   1.96150212e+01, 
              1.68387112e+01,   1.92852657e+01,   1.94559889e+01,   2.17914021e+01,   1.92061298e+01, 
              1.67123201e+01,   2.08197510e+01,   2.29549142e+01,   1.83951270e+01,   2.05113481e+01, 
              2.55389513e+01,   1.77016819e+01,   1.91720405e+01,   1.57571079e+01,   1.66990847e+01, 
              1.81133940e+01,   1.69245080e+01,   1.40857896e+01,   1.72039283e+01,   1.26685754e+01, 
              1.87658306e+01,   2.03785931e+01,   1.48375183e+01,   2.03772355e+01,   1.91351647e+01, 
              1.87548118e+01,   2.14753386e+01,   1.80318236e+01,   1.76975787e+01,   2.38852792e+01, 
              1.95457156e+01,   2.03904698e+01,   1.99528961e+01,   1.59483196e+01,   2.00922756e+01, 
              1.78007606e+01,   2.20479457e+01,   2.42442012e+01,   1.89995286e+01,   1.92621702e+01, 
              1.73798195e+01,   1.57592209e+01,   1.78059153e+01,   1.35937171e+01,   1.89901931e+01, 
              1.88072186e+01,   1.76416221e+01,   2.20504489e+01,   1.95093388e+01 ]
         </q>
         <p shape='(1, 54)'>
          [   0.00000000e+00,   0.00000000e+00,   0.00000000e+00,   0.00000000e+00,   0.00000000e+00, 
              0.00000000e+00,   0.00000000e+00,   0.00000000e+00,   0.00000000e+00,   0.00000000e+00, 
              0.00000000e+00,   0.00000000e+00,   0.00000000e+00,   0.00000000e+00,   0.00000000e+00, 
              0.00000000e+00,   0.00000000e+00,   0.00000000e+00,   0.00000000e+00,   0.00000000e+00, 
              0.00000000e+00,   0.00000000e+00,   0.00000000e+00,   0.00000000e+00,   0.00000000e+00, 
              0.00000000e+00,   0.00000000e+00,   0.00000000e+00,   0.00000000e+00,   0.00000000e+00, 
              0.00000000e+00,   0.00000000e+00,   0.00000000e+00,   0.00000000e+00,   0.00000000e+00, 
              0.00000000e+00,   0.00000000e+00,   0.00000000e+00,   0.00000000e+00,   0.00000000e+00, 
              0.00000000e+00,   0.00000000e+00,   0.00000000e+00,   0.00000000e+00,   0.00000000e+00, 
              0.00000000e+00,   0.00000000e+00,   0.00000000e+00,   0.00000000e+00,   0.00000000e+00, 
              0.00000000e+00,   0.00000000e+00,   0.00000000e+00,   0.00000000e+00 ]
         </p>
         <m shape='(18)'>
          [   1.83736223e+03,   1.83736223e+03,   1.83736223e+03,   1.83736223e+03,   1.83736223e+03, 
              1.83736223e+03,   1.83736223e+03,   1.83736223e+03,   1.83736223e+03,   1.83736223e+03, 
              1.83736223e+03,   1.83736223e+03,   2.91651223e+04,   2.91651223e+04,   2.91651223e+04, 
              2.91651223e+04,   2.91651223e+04,   2.91651223e+04 ]
         </m>
         <names shape='(18)'>
          [ H, H, H, H, H, 
            H, H, H, H, H, 
            H, H, O, O, O, 
            O, O, O ]
         </names>
      </beads>
      <forces>
         <force forcefield='ipi_vasp'>
         </force>
      </forces>
      <ensemble>
         <stress shape='(3, 3)'>
          [  -1.00000000e+00,  -1.00000000e+00,  -1.00000000e+00,  -1.00000000e+00,  -1.00000000e+00, 
             -1.00000000e+00,  -1.00000000e+00,  -1.00000000e+00,  -1.00000000e+00 ]
         </stress>
         <temperature>  1.00000000e+00</temperature>
         <hamiltonian_weights shape='(1)'> [   1.00000000e+00 ] </hamiltonian_weights>
      </ensemble>
   </system>
</simulation>
