<simulation verbosity='high' mode='static'>
   <step>59</step>
   <total_steps>400</total_steps>
   <output prefix='h2o_hex_cage_geop'>
      <properties filename='prp' shape='(2)'> [ step, potential{electronvolt} ] </properties>
      <trajectory filename='trj'>positions{angstrom}</trajectory>
   </output>
   <prng>
      <set_pos>624</set_pos>
      <state shape='(624)'>
       [ 27182, 2285797927, 1599219099, 2428387269, 2644617351, 
         1805232510, 3855472161, 79408497, 3086214813, 2080248772, 
         2318744003, 53416496, 832429308, 1768885113, 4131044966, 
         1708403432, 806002429, 3090226914, 1292308082, 329858674, 
         558802190, 2780667035, 2966137203, 203313836, 3572017652, 
         1551973772, 3553148347, 3418509747, 3711003276, 4100886920, 
         978308853, 3153118152, 2437568722, 1233934897, 3623044370, 
         1919375576, 1799433921, 2046570981, 2758718234, 590119071, 
         1237112291, 1461998675, 3098748548, 1408624905, 2029140052, 
         3188242102, 2451728690, 841887775, 3906114411, 1942933561, 
         2945326666, 2235464347, 3882958737, 1068578511, 3404228321, 
         2498595169, 1710370631, 2797804759, 3678100803, 3490908795, 
         828725652, 2633534369, 2252231309, 3870169514, 772444397, 
         3291808450, 1185570663, 2987342209, 1012780019, 449544740, 
         971742330, 2953315945, 260492159, 1737375844, 1515746595, 
         2273536181, 3672326015, 84240441, 3312951243, 2871792183, 
         4187262009, 1144806707, 3725494028, 1735086142, 16867375, 
         2538412512, 24324224, 1318812375, 3689807046, 646784786, 
         1763118196, 2130020228, 1292346581, 1829075969, 1451617374, 
         1491998938, 2470052295, 1228415002, 823139849, 2578295536, 
         1453192158, 1928105568, 3224180139, 1777890223, 1454359054, 
         3835336532, 3277604029, 2103627105, 1971545932, 4265277134, 
         384963663, 2089372314, 156525207, 1026471172, 3311963910, 
         3689749100, 884593983, 2838026576, 581476304, 146627975, 
         1282680251, 3524881627, 2570029490, 3829433067, 131714564, 
         4199181329, 531645848, 3706834295, 545596228, 3141684821, 
         896956373, 2695971980, 193071754, 2746745591, 2179024943, 
         3267137352, 1277209631, 3788633695, 20016854, 1017856249, 
         1747248073, 1860953717, 1049755730, 1812202217, 3078311448, 
         2066201299, 2372212588, 4000193785, 1103706422, 1753416264, 
         870840419, 757529254, 2400041494, 1334517373, 4204225414, 
         3063902484, 3221644362, 3090129514, 2039266214, 3666045058, 
         3494659205, 1718402943, 4292082520, 2745360010, 772838476, 
         704327329, 779390763, 3267854238, 1431002777, 2994973345, 
         1387826681, 3901864835, 3746986540, 2412403768, 63401360, 
         4131408511, 3902652316, 2200023404, 104914712, 1755569451, 
         3190275142, 524921737, 1100742339, 758076737, 3910364253, 
         4164554703, 2146461750, 790596974, 3223628578, 133377474, 
         1589370952, 3643117196, 4278502955, 1980077705, 192621674, 
         1631797397, 2435034920, 3723990615, 2657960938, 3049976655, 
         2019636009, 3369179025, 567013220, 877524799, 2999731111, 
         1347223014, 1200737265, 372827775, 424011755, 3709748104, 
         3957524905, 2355415781, 1420471543, 1084220387, 2738281216, 
         2498132641, 889495079, 713442620, 3601493382, 8151892, 
         3917948160, 3157603852, 491639396, 638027347, 3089066655, 
         2596148690, 526052338, 2462161245, 3339606623, 2139677489, 
         149312214, 1359820117, 4044095244, 3533940948, 30256317, 
         1019300988, 3516238296, 3754071892, 1109673281, 1713279791, 
         353742870, 90455967, 2549232045, 3203219966, 1775166816, 
         2835900730, 2972220430, 61824435, 1631175575, 3868160295, 
         35645486, 2870556961, 1417430731, 4268755119, 596343002, 
         4020852993, 1971335370, 4013745176, 2580902569, 843104634, 
         1030529062, 3331950083, 759684870, 4108268645, 2246329158, 
         2179591901, 238654981, 2753814020, 2384580458, 3073211669, 
         3162810913, 3394821086, 2713912385, 2433583744, 453326940, 
         3468458335, 2396135008, 4158025663, 3884560962, 1434394044, 
         1312547241, 4110086241, 3696445892, 2009635742, 4073094615, 
         3799128513, 4078632104, 1737110422, 3963824819, 2468874385, 
         3144093217, 1026445298, 866913694, 2105339515, 1530880328, 
         1611690996, 1010752977, 2788777374, 2801691574, 3958362927, 
         3285507464, 3763850244, 117718769, 1861406532, 2107290729, 
         661444153, 3022259887, 2223257716, 1570467266, 1617209892, 
         700968655, 1448542178, 1652060359, 3947394391, 1068253022, 
         2960150353, 3859265531, 2319928853, 2374836049, 1035323390, 
         1085331062, 969624884, 2784119494, 3723912343, 2652169128, 
         2109328727, 4002089524, 13858810, 1048125674, 382547867, 
         3136676977, 493465002, 2689040222, 3403775129, 383423504, 
         3387489183, 148226524, 4263000349, 1844549672, 534641280, 
         924997076, 3913699833, 1618158328, 2884832916, 2546796678, 
         2299461997, 4172871973, 4133069657, 2571017694, 422774057, 
         2936208267, 1367904108, 664595553, 4262472870, 3100175227, 
         3919030560, 3058595635, 3642048698, 3591670627, 3293666887, 
         1130927676, 1750396026, 4151058673, 2045280997, 1258531168, 
         465419698, 3292404392, 2272463334, 1978264676, 3348058698, 
         2056489279, 962155753, 219034209, 204917434, 657557208, 
         3348876463, 1236520276, 3324346626, 836530143, 3337583478, 
         1639994277, 4146054449, 4235104312, 2557180870, 3120544212, 
         2570180847, 138177539, 3451468210, 2311748953, 2339776876, 
         3419158508, 218757586, 3898536802, 291237838, 2201803728, 
         4083424613, 1879388362, 4072006820, 3450967665, 1706122889, 
         4789560, 1840797865, 1036313562, 4019425429, 3115471554, 
         4108543829, 1801374852, 3413958416, 959065879, 511239340, 
         2294695286, 3885005919, 3843182056, 1901625940, 2180901415, 
         780021560, 3382024888, 3069255784, 3529540980, 2176997526, 
         253765640, 2773750989, 519568977, 254259356, 3698338612, 
         1642233180, 2096970843, 1940585261, 2433984008, 2195840415, 
         3456136607, 2355291195, 2562034989, 410508348, 566886750, 
         553638345, 2969337601, 2964044004, 2952596084, 3936897093, 
         620493654, 2554671271, 181895123, 489839354, 1818472542, 
         55602744, 4248794582, 4109073352, 2897509335, 4165786058, 
         3613228815, 2318699903, 1088338197, 1215740585, 458460686, 
         1230932813, 1777115844, 4242187906, 3202726831, 1607311884, 
         3258246637, 2674726579, 2449845923, 1494814804, 3740528729, 
         206831443, 3490457745, 1249912173, 2391380336, 3980027343, 
         2971162450, 142885991, 2006654331, 2035215611, 197872252, 
         3413426375, 3046437680, 407352983, 2804079217, 348961854, 
         322270294, 2779966927, 494241987, 2263110098, 1686935796, 
         1946580878, 3580998737, 2509899841, 4060487511, 242897421, 
         3867563531, 2437036819, 2318690465, 857834812, 288009882, 
         1534938801, 2388409696, 2364255131, 4110325327, 317979119, 
         3029042239, 1048236806, 2928507220, 756672229, 2483791697, 
         1013543096, 4159959698, 772099632, 1648331500, 2363860606, 
         1511460074, 1601101238, 1063610931, 3023909664, 2591055980, 
         485682025, 665916273, 2690328218, 969249790, 3138933565, 
         2950598883, 1618908110, 766712245, 4032693108, 1899171583, 
         2367478339, 2163599027, 1951383268, 1692524393, 2843987481, 
         1896465849, 3685907371, 1932505948, 475630278, 1845606452, 
         3082095616, 2313736418, 918702713, 2849055959, 3389818660, 
         2438345599, 2633709422, 1941547962, 2604979686, 568027412, 
         374876933, 1223796763, 2869116517, 1568522183, 4104626499, 
         2754469990, 2783645083, 724713605, 3472728994, 3423189423, 
         1474776839, 683042186, 2870143903, 1272511519, 2556004357, 
         2974772211, 347115846, 676448464, 3932916803, 3762067316, 
         1027044136, 3650672894, 1347945224, 2912421317, 4102211772, 
         2252369045, 497592526, 2072172930, 4154191340, 2019739785, 
         939648999, 3911982947, 4141007649, 3649188012, 2771639886, 
         327246400, 2673870213, 1585999753, 3158035183, 3416975049, 
         1467296251, 3532020716, 1304309398, 1830302431, 165077475, 
         3521027037, 3645853413, 1573730574, 3102313532, 3991110856, 
         3798010218, 3425757633, 4172484063, 571684386, 2356842433, 
         899618119, 3541526108, 2929540309, 1735987758, 4039661031, 
         3191662929, 204110621, 577771984, 146440560, 183108497, 
         3476226967, 2501287879, 1741715485, 2655674737, 1873018821, 
         2112868027, 609491914, 1385435931, 1348105644, 1348797612, 
         3826675629, 1952460819, 1277860744, 3872043132 ]
      </state>
      <seed>27182</seed>
   </prng>
   <ffsocket name='ipi_vasp'>
      <address>19.19.19.100</address>
      <port>31416</port>
   </ffsocket>
   <system>
      <cell shape='(3, 3)'>
       [   3.77945220e+01,   2.31424702e-15,   2.31424702e-15,   0.00000000e+00,   3.77945220e+01, 
           2.31424702e-15,   0.00000000e+00,   0.00000000e+00,   3.77945220e+01 ]
      </cell>
      <motion mode='minimize'>
         <optimizer mode='bfgs'>
            <tolerances>
               <force>  2.00000000e-04</force>
            </tolerances>
            <old_direction shape='(1, 54)'>
             [   6.23952099e-05,   8.06572813e-05,  -6.30386046e-04,   3.10770923e-04,   1.49128203e-04, 
                 1.96295025e-04,  -2.54622913e-04,   1.82106765e-04,   3.35818437e-04,  -4.85544286e-04, 
                -3.85501440e-04,   2.50220021e-04,   1.74523626e-04,  -3.54530685e-04,  -3.09148075e-04, 
                -1.42574152e-03,  -1.49023842e-03,  -1.68813439e-03,   1.11478795e-04,   2.32071774e-04, 
                -5.66077211e-04,  -2.83225248e-04,   4.75251787e-04,   4.79071923e-04,   1.28490381e-03, 
                -5.98535419e-05,   8.65073806e-04,  -1.73563179e-04,   1.20587155e-03,  -7.75525645e-05, 
                 9.00413614e-04,   4.99133022e-04,   6.97848535e-04,  -8.34600530e-04,  -1.00102832e-04, 
                 7.51378962e-04,   4.31483908e-04,   4.86605558e-05,  -2.89184097e-04,  -3.55871980e-04, 
                -1.85717059e-06,  -4.86398389e-05,   3.09370874e-05,  -4.77322019e-04,  -3.86791522e-04, 
                 6.73746782e-04,   5.28416862e-04,  -4.52834869e-04,   6.26361645e-04,  -3.45612033e-04, 
                 6.11967671e-04,  -7.93845746e-04,  -1.86279654e-04,   2.61074231e-04 ]
            </old_direction>
            <invhessian_bfgs shape='(54, 54)'>
             [   2.94650469e+00,  -3.39737493e+00,  -8.05676514e-01,  -3.38913640e-01,  -7.68804956e-01, 
                -8.44504738e-01,  -2.85783087e+00,  -5.79432546e-01,   3.52154924e+00,  -1.49685461e-01, 
                -1.30154324e+00,   2.59971929e+00,   2.49565005e+00,   2.63159888e+00,  -1.92594530e-02, 
                 4.74906096e+00,   5.17672817e+00,   3.80259125e+00,  -5.82840594e-01,  -2.18335832e+00, 
                -1.91424614e+00,   1.09094079e-01,  -2.43139549e+00,  -1.28888480e+00,  -3.74541840e+00, 
                -2.13898243e-01,  -2.63775286e+00,  -1.82245015e+00,   1.49165882e+00,   9.97229519e-01, 
                -9.12388429e-01,   4.99093166e-01,  -2.57562977e-01,   1.60611961e+00,   1.44943638e+00, 
                -1.79064941e-01,  -3.69688108e-01,  -2.18602839e+00,  -9.03065514e-01,   1.82746131e-01, 
                 5.01515222e-01,   6.76707423e-01,   1.33959555e+00,   1.80028951e+00,  -1.17906222e+00, 
                -6.69956182e-01,  -2.54233832e+00,  -3.19518069e-01,  -2.85713801e-01,   4.90842300e-01, 
                -3.45408499e-01,  -6.93885433e-01,   1.56301198e+00,  -9.03789996e-01,  -3.39737493e+00, 
                 1.71843465e+01,  -4.51829994e+00,   9.98867101e-01,   4.27263717e+00,   2.10013165e+00, 
                 5.27021932e+00,   8.26841995e-01,  -2.73476081e+00,  -2.70868399e+00,   3.42762941e+00, 
                -1.10173244e+01,  -6.84459488e+00,  -1.14027846e+01,  -3.59467006e+00,  -2.32979055e+01, 
                -3.58467173e+01,  -2.37276967e+01,  -2.19048978e-01,   3.16651974e+00,   5.68574461e+00, 
                -1.18322317e+00,   3.52423401e+00,   1.60697478e+00,   1.86145246e+01,  -5.67795237e+00, 
                 2.03235159e+01,   6.71393455e+00,   7.62023606e-01,   9.60159896e+00,   4.64056098e-01, 
                 6.14180944e+00,  -3.43514775e-01,   2.01852258e+00,   6.59453863e+00,  -1.89910793e+00, 
                 2.64615320e+00,   1.30114726e+01,   8.45786624e-01,  -2.99383865e+00,  -3.42872329e+00, 
                -4.09562168e+00,  -1.96946052e+00,  -1.36018510e+01,  -5.85603170e-01,  -1.70025321e-01, 
                 4.37721609e+00,  -1.59491100e+00,   4.41896945e+00,   1.24649494e+00,   1.27849125e+01, 
                 1.63890902e+00,   6.42226447e+00,   1.16284542e+00,  -8.05676514e-01,  -4.51829994e+00, 
                 7.78434815e+00,   1.10745567e+00,  -3.57122255e+00,  -1.21705905e+00,   3.21496178e+00, 
                 2.76329542e+00,  -7.58151335e+00,   4.77389237e+00,  -2.77693383e-01,   1.43544636e+00, 
                 6.88779943e-01,   3.37726983e+00,   3.42833559e+00,   1.19927214e+01,   2.09387328e+01, 
                 1.61226362e+01,  -5.65596796e-01,  -1.12720514e+00,   2.29394789e+00,   3.70292523e+00, 
                 1.46055220e+00,  -5.77981085e-01,  -1.48200830e+01,   5.99329608e+00,  -1.41805702e+01, 
                -1.55652563e+00,  -5.00279083e+00,  -6.51749284e+00,  -6.85661175e-01,  -6.86062606e+00, 
                -3.13672676e-01,  -4.01280283e+00,  -9.08390803e+00,   2.15492939e+00,  -4.08846769e-01, 
                -4.95682821e+00,   1.56287171e+00,   2.41155314e+00,   3.23618681e+00,  -2.27946552e-01, 
                -3.53386407e-01,   7.38781496e+00,   4.01194914e+00,   5.79945804e-01,   1.31603723e+00, 
                 1.87037817e+00,  -3.68804213e+00,  -2.05402529e+00,  -9.05964187e+00,  -1.57561412e+00, 
                -9.02058589e+00,   1.10350672e-02,  -3.38913640e-01,   9.98867101e-01,   1.10745567e+00, 
                 5.53245060e+00,  -3.36696367e+00,  -4.66975878e+00,  -2.90463390e-01,   6.83951146e-01, 
                -1.74474322e+00,   1.05932829e+00,   6.36517185e-01,   2.67072410e-01,   1.04459655e+00, 
                -2.57560655e-01,   5.19332955e-01,   3.19619243e+00,   3.68627044e+00,   2.95845481e+00, 
                 5.38614909e-01,  -3.00130825e+00,   4.76104700e-02,   1.28164782e+00,  -1.51882019e+00, 
                -1.31182717e+00,  -7.08526538e+00,   2.56340182e+00,  -3.15013978e+00,  -1.91795298e+00, 
                -2.18862263e-02,   3.04825383e+00,  -2.77439649e+00,  -5.27532187e-01,   1.39434475e+00, 
                 3.49840690e-01,  -3.20494729e-02,   1.23921526e+00,   2.50996102e+00,  -6.21076928e-01, 
                 1.03847763e-01,   6.05127364e-02,   1.20195567e+00,   3.15782692e-01,   1.55450109e+00, 
                 1.49145146e+00,   1.96994403e+00,   9.81291072e-01,  -1.06016368e+00,  -2.28735549e+00, 
                -2.20723066e-01,  -1.01777712e+00,   7.82433274e-01,  -4.48122225e+00,   1.62723553e-01, 
                -5.89923486e-01,  -7.68804956e-01,   4.27263717e+00,  -3.57122255e+00,  -3.36696367e+00, 
                 6.21936885e+00,   4.75805266e+00,   1.21765638e+00,  -1.01808041e+00,   9.29934656e-01, 
                -2.39049263e+00,   1.20693254e+00,  -3.82940801e+00,  -2.66630970e+00,  -3.43650609e+00, 
                -2.03699734e+00,  -1.01647932e+01,  -1.60992579e+01,  -1.04026702e+01,  -8.83150461e-01, 
                 1.99473707e+00,   2.08177133e+00,  -1.54543712e+00,   1.97988986e+00,   1.16917425e+00, 
                 1.14059899e+01,  -4.14464170e+00,   9.79060963e+00,   2.53288530e+00,   1.03159650e+00, 
                 2.53986393e+00,   2.88333219e+00,   3.64424473e+00,  -1.30327694e+00,   9.91056732e-01, 
                 3.54006318e+00,  -1.84412588e+00,  -1.07591862e+00,   4.65774304e+00,  -1.76950938e-01, 
                -7.13095487e-01,  -2.27949287e+00,  -1.66576365e+00,  -1.30887640e+00,  -6.60913245e+00, 
                -2.42938307e+00,  -8.13162907e-01,   2.07895163e+00,   3.41260512e-01,   2.13034269e+00, 
                 6.59584655e-01,   4.94304057e+00,   4.53574189e+00,   3.30136216e+00,   7.06091030e-01, 
                -8.44504738e-01,   2.10013165e+00,  -1.21705905e+00,  -4.66975878e+00,   4.75805266e+00, 
                 8.58745983e+00,   2.02558917e+00,  -4.10709260e-01,  -5.25360533e-01,  -2.54997419e-01, 
                 7.69319417e-01,  -3.04528589e+00,  -3.28316169e+00,  -1.69964288e+00,  -1.22984300e+00, 
                -7.54783074e+00,  -8.57117535e+00,  -6.13247360e+00,  -3.28151700e+00,   3.54890333e+00, 
                 2.12161739e+00,   1.63833792e-02,   3.98551766e+00,   1.89798964e+00,   1.23827240e+01, 
                -3.97522340e+00,   4.77002799e+00,   4.93897781e+00,   5.94964162e-01,  -1.92316904e+00, 
                 2.41473869e+00,  -5.05980547e-01,  -2.85282442e+00,  -1.32344825e+00,  -1.90314645e+00, 
                -6.54010422e-01,  -1.76348433e+00,   2.76974129e+00,   7.58727758e-01,   4.66341691e-01, 
                -1.33572335e+00,  -1.36413798e+00,  -2.93729207e+00,  -3.90298763e+00,  -2.36776146e+00, 
                -2.27668961e+00,   3.23317246e+00,   5.00324350e+00,   1.87355069e+00,   2.64158321e+00, 
                -1.03087693e+00,   4.06437919e+00,  -2.09679697e+00,   2.03736225e-01,  -2.85783087e+00, 
                 5.27021932e+00,   3.21496178e+00,  -2.90463390e-01,   1.21765638e+00,   2.02558917e+00, 
                 8.41977732e+00,   3.60303214e+00,  -9.94325290e+00,   2.97731064e+00,   1.76992867e+00, 
                -6.57925253e+00,  -3.76960115e+00,  -3.76400189e+00,   6.24121934e-01,  -2.83707068e+00, 
                -3.26308495e+00,   1.61492648e+00,  -9.88281615e-01,   5.58981333e-01,   6.63324224e+00, 
                 2.75827640e+00,   4.31559519e+00,   3.84036512e-01,  -3.84626632e+00,   2.37993706e+00, 
                -5.70264697e-01,   1.61426400e+00,  -5.03584500e+00,  -4.36679450e-01,   1.68881337e+00, 
                -1.74418933e+00,  -1.12972705e+00,  -2.75781925e+00,  -4.35936988e+00,   1.93848791e-01, 
                 1.37470340e-01,   3.60615244e+00,   1.82792309e+00,   5.98162426e-02,   6.91078894e-01, 
                -3.23776686e+00,  -1.28691695e+00,  -2.32785382e+00,   3.03400811e+00,   6.82995369e-01, 
                 4.59821966e+00,   8.22061238e-01,  -9.36928325e-01,  -2.93331622e+00,   1.45180704e-01, 
                 2.23245487e+00,  -4.58314001e+00,   1.37704344e+00,  -5.79432546e-01,   8.26841995e-01, 
                 2.76329542e+00,   6.83951146e-01,  -1.01808041e+00,  -4.10709260e-01,   3.60303214e+00, 
                 4.10985359e+00,  -5.76093234e+00,   2.97162976e+00,  -6.57557276e-02,  -2.62003149e+00, 
                -4.39869192e-01,  -2.01595126e-01,   1.05562451e+00,   4.08760612e+00,   5.20873345e+00, 
                 6.95214142e+00,  -1.19529372e+00,  -2.34196030e+00,   3.49925812e+00,   2.96016815e+00, 
                 1.18042569e+00,  -1.16875147e+00,  -9.52266082e+00,   3.23195290e+00,  -5.11163319e+00, 
                -1.18666997e+00,  -3.19176600e+00,   7.54539872e-01,  -4.95324012e-02,  -1.75714106e+00, 
                -7.12741431e-01,  -1.24212096e+00,  -3.23503699e+00,   7.08536494e-01,   3.83065419e-01, 
                 2.15284664e-01,   7.67902377e-01,   3.54955852e-01,   1.75037570e+00,  -2.19021386e+00, 
                 5.54599210e-01,   7.98210246e-01,   2.25268334e+00,   4.63875228e-01,   1.26714208e+00, 
                 1.95976678e-01,  -1.48184402e+00,  -2.50223442e+00,  -1.12914654e+00,  -3.65459401e-01, 
                -3.27525029e+00,   1.54201363e-01,   3.52154924e+00,  -2.73476081e+00,  -7.58151335e+00, 
                -1.74474322e+00,   9.29934656e-01,  -5.25360533e-01,  -9.94325290e+00,  -5.76093234e+00, 
                 1.91025644e+01,  -7.25000147e+00,  -3.25154388e+00,   7.48142847e+00,   2.10193377e+00, 
                 1.27999930e+00,  -3.03848391e+00,  -8.98548493e+00,  -1.30005606e+01,  -1.78567406e+01, 
                 2.82176143e+00,   4.52332600e+00,  -9.62029029e+00,  -7.52146164e+00,  -4.52303061e+00, 
                 2.39100623e+00,   2.29791629e+01,  -8.17278489e+00,   1.29900929e+01,   1.29880352e+00, 
                 9.81389489e+00,   3.96052881e-02,  -2.61436092e-01,   5.65004040e+00,   2.14304912e+00, 
                 4.07329357e+00,   9.71227040e+00,  -1.62463164e+00,  -8.15658798e-01,  -2.33459070e-01, 
                -2.69398280e+00,  -2.87481746e+00,  -3.88987483e+00,   4.85908992e+00,  -1.95696134e-01, 
                -1.92262042e+00,  -5.97461261e+00,  -1.13255734e+00,  -4.31085187e+00,  -2.34789423e+00, 
                 4.28379224e+00,   5.99603175e+00,   4.00487933e+00,  -3.55186723e-01,   9.89492188e+00, 
                -7.48205647e-01,  -1.49685461e-01,  -2.70868399e+00,   4.77389237e+00,   1.05932829e+00, 
                -2.39049263e+00,  -2.54997419e-01,   2.97731064e+00,   2.97162976e+00,  -7.25000147e+00, 
                 6.74592273e+00,   5.01621522e-01,  -1.18335256e+00,   1.02206945e+00,   2.83360588e+00, 
                 1.43856603e+00,   1.21219496e+01,   1.69968998e+01,   1.63606007e+01,  -3.61075939e+00, 
                -4.67118414e+00,   3.03618456e+00,   5.15946536e+00,   5.38048936e-01,  -2.56114747e+00, 
                -1.68790354e+01,   4.89615424e+00,  -1.31066911e+01,  -2.23966249e+00,  -3.63026123e+00, 
                -4.97245234e-01,  -2.29220534e+00,  -4.86992147e+00,  -2.20807231e+00,  -1.45027438e+00, 
                -6.54867137e+00,   1.28069660e+00,   3.42828767e-01,  -3.19540977e+00,   1.20120328e+00, 
                 1.42755091e+00,   3.02676777e+00,  -4.17744153e-01,   1.27967726e+00,   4.97495749e+00, 
                 2.62812407e+00,  -1.08762425e+00,  -8.49471922e-02,   3.07360621e+00,  -2.00422207e+00, 
                -2.25116336e+00,  -5.37957087e+00,  -1.42263423e+00,  -6.38895024e+00,  -9.34051261e-01, 
                -1.30154324e+00,   3.42762941e+00,  -2.77693383e-01,   6.36517185e-01,   1.20693254e+00, 
                 7.69319417e-01,   1.76992867e+00,  -6.57557276e-02,  -3.25154388e+00,   5.01621522e-01, 
                 3.34893852e+00,  -3.30547086e+00,  -1.26552372e+00,  -2.21127559e+00,  -6.00026657e-01, 
                -2.62322582e+00,  -4.89886370e+00,  -1.22105656e+00,  -1.15245690e+00,  -9.30513918e-01, 
                 2.44198751e+00,   1.16516127e+00,   8.82865343e-01,  -6.04968602e-01,  -4.08170841e-01, 
                -3.38713761e-01,   1.76343461e+00,   1.13626091e+00,  -1.01563341e+00,   2.93561926e+00, 
                -5.90095027e-01,   5.16282475e-01,  -8.97030869e-01,   5.64785198e-01,   4.40394491e-01, 
                -4.19939882e-01,   8.06638531e-01,   2.28714244e+00,   5.25157279e-01,   4.25555610e-01, 
                -2.57846665e-01,  -9.72439709e-01,  -8.43972978e-02,  -2.44622940e+00,   2.62404091e-01, 
                -5.06740155e-01,   8.36080773e-01,   6.23245610e-01,   4.89553770e-01,  -2.15573143e-01, 
                 2.30423347e+00,   4.36130348e-01,   4.34139326e-01,  -7.52308339e-02,   2.59971929e+00, 
                -1.10173244e+01,   1.43544636e+00,   2.67072410e-01,  -3.82940801e+00,  -3.04528589e+00, 
                -6.57925253e+00,  -2.62003149e+00,   7.48142847e+00,  -1.18335256e+00,  -3.30547086e+00, 
                 1.18398361e+01,   4.58202362e+00,   7.06837552e+00,   1.97829024e+00,   1.03337412e+01, 
                 1.91294579e+01,   7.23699628e+00,   2.74740494e+00,   1.44950374e+00,  -7.06424264e+00, 
                -2.55974500e+00,  -3.32179400e+00,   1.09148058e+00,  -1.75787362e+00,   1.33761279e+00, 
                -8.50777851e+00,  -3.19350670e+00,   3.07372213e+00,  -8.82292875e+00,  -2.83874827e-01, 
                -3.21119097e+00,   2.47851644e+00,  -1.56844593e+00,  -2.31293656e+00,   1.62963827e+00, 
                -1.37991400e+00,  -8.85764626e+00,  -1.09452791e+00,   1.08830599e+00,   9.06128782e-01, 
                 4.94806601e+00,   3.13607532e-01,   9.21884780e+00,  -5.00979478e-01,   6.86144017e-01, 
                -3.13103517e+00,  -1.35238008e+00,  -1.42266842e+00,   1.56510198e+00,  -8.19410132e+00, 
                -2.68938545e+00,  -2.14191300e+00,  -5.37474127e-01,   2.49565005e+00,  -6.84459488e+00, 
                 6.88779943e-01,   1.04459655e+00,  -2.66630970e+00,  -3.28316169e+00,  -3.76960115e+00, 
                -4.39869192e-01,   2.10193377e+00,   1.02206945e+00,  -1.26552372e+00,   4.58202362e+00, 
                 6.21611286e+00,   5.09507480e+00,   1.07481475e+00,   1.24147272e+01,   1.55647905e+01, 
                 1.25566810e+01,   8.94438404e-02,  -4.37365214e+00,  -2.93402810e+00,   1.40416460e+00, 
                -4.31288026e+00,  -2.90745532e+00,  -1.44325811e+01,   3.07595822e+00,  -9.13918343e+00, 
                -5.10743339e+00,   1.55920813e-02,   6.41401588e-01,  -1.58913651e+00,  -7.01477016e-01, 
                 3.14660193e-01,   1.55155204e+00,   5.01458665e-01,   4.75223698e-01,  -1.70198979e-01, 
                -5.48075889e+00,  -1.26941268e+00,   1.05404042e+00,   1.86938091e+00,   1.45030642e+00, 
                 2.98317486e+00,   5.51778227e+00,  -2.23926471e-01,   3.47065251e-02,  -4.55513377e+00, 
                -8.87127111e-01,  -2.28758228e+00,  -1.61433354e+00,  -2.12108393e+00,  -1.95370501e+00, 
                 6.14495658e-01,  -1.12044629e+00,   2.63159888e+00,  -1.14027846e+01,   3.37726983e+00, 
                -2.57560655e-01,  -3.43650609e+00,  -1.69964288e+00,  -3.76400189e+00,  -2.01595126e-01, 
                 1.27999930e+00,   2.83360588e+00,  -2.21127559e+00,   7.06837552e+00,   5.09507480e+00, 
                 9.82819700e+00,   2.81955102e+00,   1.91080759e+01,   2.75291762e+01,   1.96022221e+01, 
                -1.00772085e+00,  -4.34895040e+00,  -4.10030629e+00,   1.96969202e+00,  -2.71986664e+00, 
                -2.32181252e+00,  -1.67296196e+01,   4.71122492e+00,  -1.63231254e+01,  -4.94772327e+00, 
                -1.37923154e+00,  -4.48408214e+00,  -1.77077350e+00,  -4.58050739e+00,  -5.98105537e-01, 
                -3.80680288e-01,  -4.79362247e+00,   1.24755553e+00,  -1.50750406e+00,  -9.31800583e+00, 
                -4.98411796e-01,   2.66075468e+00,   3.06813232e+00,   2.07762545e+00,   2.00816858e+00, 
                 9.56318551e+00,   5.43511917e-01,  -2.85060606e-01,  -4.07463594e+00,   2.84813381e+00, 
                -3.64024178e+00,  -6.77927672e-01,  -9.26594598e+00,  -2.01608420e+00,  -4.55500671e+00, 
                -1.57281193e+00,  -1.92594530e-02,  -3.59467006e+00,   3.42833559e+00,   5.19332955e-01, 
                -2.03699734e+00,  -1.22984300e+00,   6.24121934e-01,   1.05562451e+00,  -3.03848391e+00, 
                 1.43856603e+00,  -6.00026657e-01,   1.97829024e+00,   1.07481475e+00,   2.81955102e+00, 
                 4.09875360e+00,   7.71117791e+00,   1.27986902e+01,   9.43559510e+00,   6.67486652e-01, 
                -1.01812854e+00,   4.65414657e-01,   1.63538638e+00,   3.08637067e-01,  -5.35095684e-01, 
                -9.07277816e+00,   3.61424710e+00,  -8.00941210e+00,  -1.09657076e+00,  -3.50850235e+00, 
                -3.16349064e+00,  -4.37384252e-02,  -3.40223234e+00,   3.23726685e-01,  -1.68719583e+00, 
                -4.25012682e+00,   1.20201636e+00,  -5.17799846e-01,  -3.43714617e+00,   5.00179711e-01, 
                 2.68419694e+00,   2.18261833e+00,  -1.56823203e+00,  -2.59433774e-01,   3.95419576e+00, 
                 2.02581184e+00,   1.04174677e+00,   1.17602785e-02,   8.19498162e-01,  -3.38906284e+00, 
                -6.72591745e-01,  -5.47124770e+00,  -1.31099123e+00,  -4.22490229e+00,  -2.61816901e-01, 
                 4.74906096e+00,  -2.32979055e+01,   1.19927214e+01,   3.19619243e+00,  -1.01647932e+01, 
                -7.54783074e+00,  -2.83707068e+00,   4.08760612e+00,  -8.98548493e+00,   1.21219496e+01, 
                -2.62322582e+00,   1.03337412e+01,   1.24147272e+01,   1.91080759e+01,   7.71117791e+00, 
                 5.45566776e+01,   7.21585915e+01,   6.04855571e+01,  -4.67709044e+00,  -1.82722309e+01, 
                -1.56873958e+00,   1.10997448e+01,  -6.81238447e+00,  -9.87890664e+00,  -6.33276136e+01, 
                 1.73422893e+01,  -4.73355362e+01,  -1.58267304e+01,  -9.17008909e+00,  -3.56662597e+00, 
                -6.35158342e+00,  -1.19995879e+01,  -2.70882012e+00,  -4.68429368e-01,  -1.35824221e+01, 
                 3.33994729e+00,  -1.33519093e+00,  -2.06179339e+01,  -7.03075372e-02,   7.17323296e+00, 
                 1.03071608e+01,   1.32628186e+00,   7.76162369e+00,   2.29812674e+01,   5.72138792e+00, 
                -1.95347398e-01,  -9.04579968e+00,   4.06499085e+00,  -1.09774319e+01,  -7.43387004e+00, 
                -1.93289536e+01,  -6.07672111e+00,  -1.29647485e+01,  -3.98460033e+00,   5.17672817e+00, 
                -3.58467173e+01,   2.09387328e+01,   3.68627044e+00,  -1.60992579e+01,  -8.57117535e+00, 
                -3.26308495e+00,   5.20873345e+00,  -1.30005606e+01,   1.69968998e+01,  -4.89886370e+00, 
                 1.91294579e+01,   1.55647905e+01,   2.75291762e+01,   1.27986902e+01,   7.21585915e+01, 
                 1.09566549e+02,   8.24826067e+01,  -4.51581957e+00,  -1.62515476e+01,  -4.07266077e+00, 
                 1.38864898e+01,  -5.86383521e+00,  -8.85646234e+00,  -7.69523918e+01,   2.42483989e+01, 
                -6.90829730e+01,  -1.75254410e+01,  -1.24279400e+01,  -1.91372216e+01,  -6.87831988e+00, 
                -2.35059560e+01,  -2.04286293e+00,  -7.54130046e+00,  -2.76215815e+01,   7.56108518e+00, 
                -2.95555501e+00,  -3.22225180e+01,   1.34392918e+00,   1.10681155e+01,   1.44520593e+01, 
                 4.59646307e+00,   6.18389846e+00,   3.76666384e+01,   9.25793558e+00,   1.62001441e-01, 
                -8.67225230e+00,   8.19303492e+00,  -1.56662716e+01,  -7.36167877e+00,  -3.72163093e+01, 
                -9.58560140e+00,  -2.68994067e+01,  -4.32170987e+00,   3.80259125e+00,  -2.37276967e+01, 
                 1.61226362e+01,   2.95845481e+00,  -1.04026702e+01,  -6.13247360e+00,   1.61492648e+00, 
                 6.95214142e+00,  -1.78567406e+01,   1.63606007e+01,  -1.22105656e+00,   7.23699628e+00, 
                 1.25566810e+01,   1.96022221e+01,   9.43559510e+00,   6.04855571e+01,   8.24826067e+01, 
                 7.41994843e+01,  -7.41399106e+00,  -2.08674058e+01,   3.89081710e+00,   1.61696735e+01, 
                -5.29113451e+00,  -1.18308346e+01,  -7.72115167e+01,   2.12577639e+01,  -5.64009111e+01, 
                -1.65455962e+01,  -1.41003937e+01,  -4.00670971e+00,  -6.24111178e+00,  -1.58172167e+01, 
                -4.79298052e+00,  -2.46792964e+00,  -1.91698327e+01,   4.29362420e+00,  -1.52345833e+00, 
                -2.15664780e+01,   1.11444110e+00,   9.51785717e+00,   1.28306639e+01,  -1.43403276e+00, 
                 7.84769312e+00,   2.51398055e+01,   7.93903797e+00,  -8.99380565e-01,  -7.50506780e+00, 
                 6.10148109e+00,  -1.35924269e+01,  -9.94059528e+00,  -2.27269148e+01,  -5.41862411e+00, 
                -1.86556558e+01,  -4.15251570e+00,  -5.82840594e-01,  -2.19048978e-01,  -5.65596796e-01, 
                 5.38614909e-01,  -8.83150461e-01,  -3.28151700e+00,  -9.88281615e-01,  -1.19529372e+00, 
                 2.82176143e+00,  -3.61075939e+00,  -1.15245690e+00,   2.74740494e+00,   8.94438404e-02, 
                -1.00772085e+00,   6.67486652e-01,  -4.67709044e+00,  -4.51581957e+00,  -7.41399106e+00, 
                 7.84195533e+00,   5.46338120e+00,  -4.06856727e+00,  -4.74858886e+00,  -5.60939200e-01, 
                 2.53301437e+00,   5.73209846e+00,   5.35269626e-01,   5.82462253e+00,  -6.82263203e-01, 
                -5.73028579e-01,  -4.77887663e+00,   2.68676671e+00,   2.04347799e+00,   4.03054430e+00, 
                -9.53509784e-01,   2.70561959e+00,  -3.96555728e-01,  -6.35340881e-01,  -1.11338567e-01, 
                -7.13539989e-01,  -1.71743567e+00,  -1.66890562e+00,   1.79589351e+00,  -5.52759361e-01, 
                 4.16245441e-01,   8.37998845e-01,   3.64558461e+00,  -1.57350542e-01,  -3.77635394e+00, 
                -1.31039344e+00,  -1.55596375e+00,   1.46861811e+00,   9.24799369e-01,   2.43702290e+00, 
                 2.26765373e+00,  -2.18335832e+00,   3.16651974e+00,  -1.12720514e+00,  -3.00130825e+00, 
                 1.99473707e+00,   3.54890333e+00,   5.58981333e-01,  -2.34196030e+00,   4.52332600e+00, 
                -4.67118414e+00,  -9.30513918e-01,   1.44950374e+00,  -4.37365214e+00,  -4.34895040e+00, 
                -1.01812854e+00,  -1.82722309e+01,  -1.62515476e+01,  -2.08674058e+01,   5.46338120e+00, 
                 1.63932737e+01,  -4.38092943e+00,  -6.56588842e+00,   3.90023227e+00,   7.06046327e+00, 
                 2.93827749e+01,  -4.70326791e+00,   1.40337249e+01,   7.23184530e+00,   1.86052262e+00, 
                -1.14258764e+01,   4.44780207e+00,  -4.27201908e-01,   2.71347909e+00,  -4.38421431e+00, 
                -4.96720923e-01,   4.70535939e-02,  -1.73142680e+00,   3.12450121e+00,   5.22179120e-01, 
                -2.77256361e+00,  -4.14867387e+00,   3.22696917e+00,  -5.54277686e+00,  -2.11508960e+00, 
                -1.34597640e+00,   1.08705814e+00,   3.92239770e+00,   1.78699366e+00,   2.02497750e+00, 
                 3.35529863e+00,  -1.77752260e+00,   3.30178330e+00,  -9.53556473e-01,   3.03044842e+00, 
                -1.91424614e+00,   5.68574461e+00,   2.29394789e+00,   4.76104700e-02,   2.08177133e+00, 
                 2.12161739e+00,   6.63324224e+00,   3.49925812e+00,  -9.62029029e+00,   3.03618456e+00, 
                 2.44198751e+00,  -7.06424264e+00,  -2.93402810e+00,  -4.10030629e+00,   4.65414657e-01, 
                -1.56873958e+00,  -4.07266077e+00,   3.89081710e+00,  -4.06856727e+00,  -4.38092943e+00, 
                 1.28637007e+01,   5.11603953e+00,   2.47471676e+00,  -1.46092293e+00,  -7.18137310e+00, 
                 8.32610447e-01,  -1.80450066e+00,   3.75225968e-01,  -3.12375811e+00,   4.82636668e+00, 
                 8.26375244e-01,  -9.40717937e-01,  -2.46591242e+00,  -1.09336723e+00,  -2.65919190e+00, 
                 1.04113787e-01,   7.39854598e-01,   4.18086889e+00,   1.60151729e+00,   2.02698886e+00, 
                 1.62656243e+00,  -5.56315278e+00,  -5.51602466e-01,  -3.80760035e+00,   2.30780725e+00, 
                -1.42958013e+00,   4.93432260e+00,  -3.43408391e+00,   2.41453682e-01,  -2.00362058e+00, 
                 2.20900281e+00,   1.69852886e+00,  -2.66905734e+00,  -2.71199951e-01,   1.09094079e-01, 
                -1.18322317e+00,   3.70292523e+00,   1.28164782e+00,  -1.54543712e+00,   1.63833792e-02, 
                 2.75827640e+00,   2.96016815e+00,  -7.52146164e+00,   5.15946536e+00,   1.16516127e+00, 
                -2.55974500e+00,   1.40416460e+00,   1.96969202e+00,   1.63538638e+00,   1.10997448e+01, 
                 1.38864898e+01,   1.61696735e+01,  -4.74858886e+00,  -6.56588842e+00,   5.11603953e+00, 
                 7.50751265e+00,  -1.88680179e-01,  -3.80664987e+00,  -1.81990360e+01,   4.33652373e+00, 
                -1.20335803e+01,  -2.09611164e+00,  -3.80317042e+00,   3.80975132e+00,  -2.57936672e+00, 
                -3.81801373e+00,  -2.87935941e+00,  -1.20111142e-01,  -4.76327557e+00,   1.18903999e+00, 
                 8.82828044e-01,  -1.79763396e+00,   9.22989016e-01,   2.82687027e+00,   3.47990914e+00, 
                -3.02447288e+00,   1.54287724e+00,   2.65940643e+00,   1.93928580e+00,  -1.72465921e+00, 
                -4.05870652e-01,   2.36818488e+00,  -2.21262392e+00,  -1.77673497e+00,  -3.31608066e+00, 
                -1.89198381e+00,  -4.60942239e+00,  -1.72830930e+00,  -2.43139549e+00,   3.52423401e+00, 
                 1.46055220e+00,  -1.51882019e+00,   1.97988986e+00,   3.98551766e+00,   4.31559519e+00, 
                 1.18042569e+00,  -4.52303061e+00,   5.38048936e-01,   8.82865343e-01,  -3.32179400e+00, 
                -4.31288026e+00,  -2.71986664e+00,   3.08637067e-01,  -6.81238447e+00,  -5.86383521e+00, 
                -5.29113451e+00,  -5.60939200e-01,   3.90023227e+00,   2.47471676e+00,  -1.88680179e-01, 
                 6.28636989e+00,   2.75596109e+00,   8.25604117e+00,  -8.06520303e-01,   2.89965976e+00, 
                 4.50203816e+00,  -1.64688523e+00,  -4.06499993e+00,   2.23565475e+00,  -1.81851127e+00, 
                -5.51111512e-01,  -3.41333540e+00,  -4.43340222e+00,   5.55195284e-01,  -4.68509404e-01, 
                 2.59111520e+00,   1.53650236e+00,   2.25214968e-01,  -5.28489645e-01,  -1.52925863e+00, 
                -3.03994633e+00,  -2.43772784e+00,   9.72656296e-01,   5.49393575e-01,   4.77692753e+00, 
                 3.03689878e+00,   5.08517102e-01,   7.63315208e-01,  -1.94941009e+00,   1.61638706e+00, 
                -4.63013663e+00,   1.24444203e+00,  -1.28888480e+00,   1.60697478e+00,  -5.77981085e-01, 
                -1.31182717e+00,   1.16917425e+00,   1.89798964e+00,   3.84036512e-01,  -1.16875147e+00, 
                 2.39100623e+00,  -2.56114747e+00,  -6.04968602e-01,   1.09148058e+00,  -2.90745532e+00, 
                -2.32181252e+00,  -5.35095684e-01,  -9.87890664e+00,  -8.85646234e+00,  -1.18308346e+01, 
                 2.53301437e+00,   7.06046327e+00,  -1.46092293e+00,  -3.80664987e+00,   2.75596109e+00, 
                 5.26780705e+00,   1.63187007e+01,  -2.94878728e+00,   7.29473713e+00,   3.78063462e+00, 
                 2.07439834e+00,  -6.44606753e+00,   2.67902602e+00,  -1.14421511e-01,   1.71195697e+00, 
                -2.84779188e+00,  -8.87602187e-01,   2.90881203e-01,  -7.48386971e-01,   1.48964787e+00, 
                 4.29219898e-01,  -1.34185237e+00,  -2.10915786e+00,   1.68598510e+00,  -3.06484861e+00, 
                -1.31454175e+00,  -4.12020581e-01,   9.31928929e-01,   3.24991918e+00,  -4.82907170e-01, 
                 1.80958706e+00,   1.98483552e+00,  -9.35050617e-01,   1.32082284e+00,  -1.06486877e+00, 
                 1.61981638e+00,  -3.74541840e+00,   1.86145246e+01,  -1.48200830e+01,  -7.08526538e+00, 
                 1.14059899e+01,   1.23827240e+01,  -3.84626632e+00,  -9.52266082e+00,   2.29791629e+01, 
                -1.68790354e+01,  -4.08170841e-01,  -1.75787362e+00,  -1.44325811e+01,  -1.67296196e+01, 
                -9.07277816e+00,  -6.33276136e+01,  -7.69523918e+01,  -7.72115167e+01,   5.73209846e+00, 
                 2.93827749e+01,  -7.18137310e+00,  -1.81990360e+01,   8.25604117e+00,   1.63187007e+01, 
                 9.76950051e+01,  -2.47760779e+01,   5.52053561e+01,   2.17590320e+01,   1.73558214e+01, 
                -7.61702835e+00,   7.28723177e+00,   9.81249856e+00,   3.53519368e+00,  -1.90804802e+00, 
                 1.25326333e+01,  -2.86022543e+00,  -9.89575822e-01,   1.79117568e+01,  -7.76509495e-02, 
                -8.28628045e+00,  -1.38374243e+01,   5.01060460e+00,  -1.27341517e+01,  -2.11228384e+01, 
                -1.01503027e+01,  -2.18420939e+00,   9.89647842e+00,   1.59696346e-01,   1.56363284e+01, 
                 1.61047673e+01,   1.14835893e+01,   6.50778578e+00,   1.20758973e+01,   3.67380428e+00, 
                -2.13898243e-01,  -5.67795237e+00,   5.99329608e+00,   2.56340182e+00,  -4.14464170e+00, 
                -3.97522340e+00,   2.37993706e+00,   3.23195290e+00,  -8.17278489e+00,   4.89615424e+00, 
                -3.38713761e-01,   1.33761279e+00,   3.07595822e+00,   4.71122492e+00,   3.61424710e+00, 
                 1.73422893e+01,   2.42483989e+01,   2.12577639e+01,   5.35269626e-01,  -4.70326791e+00, 
                 8.32610447e-01,   4.33652373e+00,  -8.06520303e-01,  -2.94878728e+00,  -2.47760779e+01, 
                 1.05345276e+01,  -1.65521142e+01,  -6.52005215e+00,  -6.67114150e+00,  -1.74359673e+00, 
                -8.56361920e-01,  -4.87214687e+00,   3.40117273e-01,  -2.18655175e+00,  -6.31269894e+00, 
                 1.87122511e+00,   1.65958040e-01,  -6.04563425e+00,   5.81909502e-01,   2.10284683e+00, 
                 3.95572858e+00,  -7.10479573e-01,   2.45492880e+00,   7.60587782e+00,   4.40143176e+00, 
                 2.05976481e+00,  -1.51406695e+00,   7.12872800e-01,  -5.24790330e+00,  -5.85925748e+00, 
                -6.77734740e+00,  -2.11218723e+00,  -6.34166868e+00,  -6.27532606e-02,  -2.63775286e+00, 
                 2.03235159e+01,  -1.41805702e+01,  -3.15013978e+00,   9.79060963e+00,   4.77002799e+00, 
                -5.70264697e-01,  -5.11163319e+00,   1.29900929e+01,  -1.31066911e+01,   1.76343461e+00, 
                -8.50777851e+00,  -9.13918343e+00,  -1.63231254e+01,  -8.00941210e+00,  -4.73355362e+01, 
                -6.90829730e+01,  -5.64009111e+01,   5.82462253e+00,   1.40337249e+01,  -1.80450066e+00, 
                -1.20335803e+01,   2.89965976e+00,   7.29473713e+00,   5.52053561e+01,  -1.65521142e+01, 
                 4.74490186e+01,   1.15403963e+01,   9.28393051e+00,   7.98162349e+00,   5.29362979e+00, 
                 1.54436381e+01,   2.94754297e+00,   4.59143599e+00,   1.88306722e+01,  -5.05665151e+00, 
                 8.83355238e-01,   1.89438570e+01,  -1.50388218e+00,  -7.80863457e+00,  -1.03364053e+01, 
                -6.23464151e-01,  -4.57869895e+00,  -2.24067853e+01,  -6.80933629e+00,   7.92025035e-01, 
                 4.40496508e+00,  -5.43728788e+00,   9.69251022e+00,   5.77664749e+00,   2.25067612e+01, 
                 6.53715054e+00,   1.83183812e+01,   3.39399034e+00,  -1.82245015e+00,   6.71393455e+00, 
                -1.55652563e+00,  -1.91795298e+00,   2.53288530e+00,   4.93897781e+00,   1.61426400e+00, 
                -1.18666997e+00,   1.29880352e+00,  -2.23966249e+00,   1.13626091e+00,  -3.19350670e+00, 
                -5.10743339e+00,  -4.94772327e+00,  -1.09657076e+00,  -1.58267304e+01,  -1.75254410e+01, 
                -1.65455962e+01,  -6.82263203e-01,   7.23184530e+00,   3.75225968e-01,  -2.09611164e+00, 
                 4.50203816e+00,   3.78063462e+00,   2.17590320e+01,  -6.52005215e+00,   1.15403963e+01, 
                 1.08608793e+01,   1.75932261e+00,  -2.72425151e+00,   4.25693704e-01,  -6.77857031e-02, 
                -7.64210616e-01,  -1.21849211e+00,  -6.76716115e-01,  -2.20668717e-01,   5.29802133e-02, 
                 5.71577928e+00,   1.19156955e+00,  -1.98556689e-01,  -2.36406251e+00,  -1.22473768e+00, 
                -4.62113135e+00,  -5.68257914e+00,  -1.70259051e+00,  -1.33444664e+00,   3.81445324e+00, 
                 4.50983578e+00,   2.62976461e+00,   6.26818996e+00,   9.54844044e-01,   7.22617230e-01, 
                -7.03679425e-01,   4.38370643e-01,   1.49165882e+00,   7.62023606e-01,  -5.00279083e+00, 
                -2.18862263e-02,   1.03159650e+00,   5.94964162e-01,  -5.03584500e+00,  -3.19176600e+00, 
                 9.81389489e+00,  -3.63026123e+00,  -1.01563341e+00,   3.07372213e+00,   1.55920813e-02, 
                -1.37923154e+00,  -3.50850235e+00,  -9.17008909e+00,  -1.24279400e+01,  -1.41003937e+01, 
                -5.73028579e-01,   1.86052262e+00,  -3.12375811e+00,  -3.80317042e+00,  -1.64688523e+00, 
                 2.07439834e+00,   1.73558214e+01,  -6.67114150e+00,   9.28393051e+00,   1.75932261e+00, 
                 1.00495834e+01,   9.06150483e-01,  -4.00890445e-01,   3.39847560e+00,   9.69302426e-01, 
                 1.38910325e+00,   4.97988253e+00,  -1.90303307e-01,   8.15182753e-01,   1.35275644e+00, 
                -1.19651077e+00,  -2.58729166e+00,  -2.63930295e+00,   3.76468949e+00,  -3.63548525e-01, 
                -2.45835576e+00,  -3.73329141e+00,  -1.62107001e+00,  -3.31569925e-01,  -3.17767186e+00, 
                 5.65656918e+00,   4.17188299e+00,   4.07320343e+00,  -1.27616896e+00,   5.15510259e+00, 
                -5.21033488e-01,   9.97229519e-01,   9.60159896e+00,  -6.51749284e+00,   3.04825383e+00, 
                 2.53986393e+00,  -1.92316904e+00,  -4.36679450e-01,   7.54539872e-01,   3.96052881e-02, 
                -4.97245234e-01,   2.93561926e+00,  -8.82292875e+00,   6.41401588e-01,  -4.48408214e+00, 
                -3.16349064e+00,  -3.56662597e+00,  -1.91372216e+01,  -4.00670971e+00,  -4.77887663e+00, 
                -1.14258764e+01,   4.82636668e+00,   3.80975132e+00,  -4.06499993e+00,  -6.44606753e+00, 
                -7.61702835e+00,  -1.74359673e+00,   7.98162349e+00,  -2.72425151e+00,   9.06150483e-01, 
                 2.44511422e+01,  -4.47986158e+00,   8.44587891e+00,  -2.87959263e+00,   9.11062899e+00, 
                 1.17653264e+01,  -2.59529036e+00,   3.74127085e+00,   8.05291361e+00,  -1.36518961e+00, 
                -4.25885721e-01,  -5.23471828e-03,  -5.99125208e+00,   4.70749298e+00,  -1.09968473e+01, 
                -2.21925115e+00,  -2.17540131e+00,  -3.98729136e+00,  -2.36333287e+00,   2.34227496e+00, 
                -1.19574634e+00,   1.48492816e+01,  -1.69644830e+00,   1.20390051e+01,  -2.85425196e+00, 
                -9.12388429e-01,   4.64056098e-01,  -6.85661175e-01,  -2.77439649e+00,   2.88333219e+00, 
                 2.41473869e+00,   1.68881337e+00,  -4.95324012e-02,  -2.61436092e-01,  -2.29220534e+00, 
                -5.90095027e-01,  -2.83874827e-01,  -1.58913651e+00,  -1.77077350e+00,  -4.37384252e-02, 
                -6.35158342e+00,  -6.87831988e+00,  -6.24111178e+00,   2.68676671e+00,   4.44780207e+00, 
                 8.26375244e-01,  -2.57936672e+00,   2.23565475e+00,   2.67902602e+00,   7.28723177e+00, 
                -8.56361920e-01,   5.29362979e+00,   4.25693704e-01,  -4.00890445e-01,  -4.47986158e+00, 
                 6.14454329e+00,   1.43589568e+00,   1.32457279e+00,  -2.41795153e+00,   1.69384171e-01, 
                -3.80657695e-01,  -1.78719731e+00,   1.21917011e+00,  -1.67284722e-01,  -7.26554778e-01, 
                -1.39487461e+00,  -4.99554467e-01,  -1.62901637e+00,  -1.99697732e+00,  -2.97074253e-01, 
                 1.84276125e+00,   3.03707074e+00,  -2.28324280e+00,  -3.28629484e-02,  -1.69384292e+00, 
                 9.06198760e-01,   4.01684976e+00,  -2.60697791e-01,   2.17895651e+00,   4.99093166e-01, 
                 6.14180944e+00,  -6.86062606e+00,  -5.27532187e-01,   3.64424473e+00,  -5.05980547e-01, 
                -1.74418933e+00,  -1.75714106e+00,   5.65004040e+00,  -4.86992147e+00,   5.16282475e-01, 
                -3.21119097e+00,  -7.01477016e-01,  -4.58050739e+00,  -3.40223234e+00,  -1.19995879e+01, 
                -2.35059560e+01,  -1.58172167e+01,   2.04347799e+00,  -4.27201908e-01,  -9.40717937e-01, 
                -3.81801373e+00,  -1.81851127e+00,  -1.14421511e-01,   9.81249856e+00,  -4.87214687e+00, 
                 1.54436381e+01,  -6.77857031e-02,   3.39847560e+00,   8.44587891e+00,   1.43589568e+00, 
                 9.86867349e+00,   1.05800411e+00,   4.79995237e+00,   1.09270304e+01,  -2.91561157e+00, 
                 5.74263519e-01,   6.29804005e+00,  -1.76420813e+00,  -3.17936661e+00,  -3.25905718e+00, 
                -7.88668474e-01,   1.47250589e+00,  -8.66734164e+00,  -2.93208514e+00,   9.03468360e-01, 
                -1.26523543e+00,  -4.56286347e+00,   2.85387754e+00,  -4.25290881e-01,   1.24475141e+01, 
                 2.51284087e+00,   1.07838334e+01,   7.70747211e-01,  -2.57562977e-01,  -3.43514775e-01, 
                -3.13672676e-01,   1.39434475e+00,  -1.30327694e+00,  -2.85282442e+00,  -1.12972705e+00, 
                -7.12741431e-01,   2.14304912e+00,  -2.20807231e+00,  -8.97030869e-01,   2.47851644e+00, 
                 3.14660193e-01,  -5.98105537e-01,   3.23726685e-01,  -2.70882012e+00,  -2.04286293e+00, 
                -4.79298052e+00,   4.03054430e+00,   2.71347909e+00,  -2.46591242e+00,  -2.87935941e+00, 
                -5.51111512e-01,   1.71195697e+00,   3.53519368e+00,   3.40117273e-01,   2.94754297e+00, 
                -7.64210616e-01,   9.69302426e-01,  -2.87959263e+00,   1.32457279e+00,   1.05800411e+00, 
                 4.00672196e+00,  -1.01408716e+00,   1.33742304e+00,   4.28943664e-01,   2.77014888e-01, 
                -5.27701416e-01,  -4.92319972e-01,  -1.11257962e+00,  -7.77453094e-01,   1.52711592e+00, 
                -1.52377299e-01,   7.50728916e-01,   6.94750894e-01,   2.42368436e+00,   1.57052336e-01, 
                -3.56091163e+00,  -1.65035951e-01,  -7.88698166e-01,   8.50485812e-01,  -9.08182461e-01, 
                 1.21638948e+00,   1.24540385e+00,   1.60611961e+00,   2.01852258e+00,  -4.01280283e+00, 
                 3.49840690e-01,   9.91056732e-01,  -1.32344825e+00,  -2.75781925e+00,  -1.24212096e+00, 
                 4.07329357e+00,  -1.45027438e+00,   5.64785198e-01,  -1.56844593e+00,   1.55155204e+00, 
                -3.80680288e-01,  -1.68719583e+00,  -4.68429368e-01,  -7.54130046e+00,  -2.46792964e+00, 
                -9.53509784e-01,  -4.38421431e+00,  -1.09336723e+00,  -1.20111142e-01,  -3.41333540e+00, 
                -2.84779188e+00,  -1.90804802e+00,  -2.18655175e+00,   4.59143599e+00,  -1.21849211e+00, 
                 1.38910325e+00,   9.11062899e+00,  -2.41795153e+00,   4.79995237e+00,  -1.01408716e+00, 
                 6.60555586e+00,   7.31486496e+00,  -2.16176945e+00,   7.34697073e-01,   2.37008443e+00, 
                -1.28113828e+00,  -6.93570728e-01,  -7.73328901e-01,  -9.31645974e-01,   2.45582595e+00, 
                -3.80279795e+00,  -2.18158628e+00,  -1.16325119e+00,  -3.90835039e+00,  -6.22351524e-01, 
                 8.05676425e-01,   6.62715660e-01,   6.80095282e+00,   4.21898437e-02,   7.52159524e+00, 
                -1.38275110e+00,   1.44943638e+00,   6.59453863e+00,  -9.08390803e+00,  -3.20494729e-02, 
                 3.54006318e+00,  -1.90314645e+00,  -4.35936988e+00,  -3.23503699e+00,   9.71227040e+00, 
                -6.54867137e+00,   4.40394491e-01,  -2.31293656e+00,   5.01458665e-01,  -4.79362247e+00, 
                -4.25012682e+00,  -1.35824221e+01,  -2.76215815e+01,  -1.91698327e+01,   2.70561959e+00, 
                -4.96720923e-01,  -2.65919190e+00,  -4.76327557e+00,  -4.43340222e+00,  -8.87602187e-01, 
                 1.25326333e+01,  -6.31269894e+00,   1.88306722e+01,  -6.76716115e-01,   4.97988253e+00, 
                 1.17653264e+01,   1.69384171e-01,   1.09270304e+01,   1.33742304e+00,   7.31486496e+00, 
                 1.61761274e+01,  -3.72955875e+00,   9.73020624e-01,   6.98012787e+00,  -2.60353130e+00, 
                -3.70860102e+00,  -4.06532526e+00,  -1.75484527e-01,   2.25081286e+00,  -9.73241198e+00, 
                -4.33551059e+00,   1.18994017e-01,  -3.65301904e+00,  -5.70957699e+00,   3.54856484e+00, 
                 5.69231358e-01,   1.50889509e+01,   2.10631614e+00,   1.51364234e+01,   8.57638310e-02, 
                -1.79064941e-01,  -1.89910793e+00,   2.15492939e+00,   1.23921526e+00,  -1.84412588e+00, 
                -6.54010422e-01,   1.93848791e-01,   7.08536494e-01,  -1.62463164e+00,   1.28069660e+00, 
                -4.19939882e-01,   1.62963827e+00,   4.75223698e-01,   1.24755553e+00,   1.20201636e+00, 
                 3.33994729e+00,   7.56108518e+00,   4.29362420e+00,  -3.96555728e-01,   4.70535939e-02, 
                 1.04113787e-01,   1.18903999e+00,   5.55195284e-01,   2.90881203e-01,  -2.86022543e+00, 
                 1.87122511e+00,  -5.05665151e+00,  -2.20668717e-01,  -1.90303307e-01,  -2.59529036e+00, 
                -3.80657695e-01,  -2.91561157e+00,   4.28943664e-01,  -2.16176945e+00,  -3.72955875e+00, 
                 2.74095254e+00,   5.09094919e-01,  -2.23857866e+00,   4.39959470e-01,   1.04614267e+00, 
                 1.30652708e+00,   2.10291650e-01,  -3.99501550e-01,   2.90580207e+00,   1.12020534e+00, 
                 2.83134660e-01,   6.95796533e-01,   4.46515604e-01,  -6.29890922e-01,   5.20292142e-02, 
                -3.91533736e+00,  -2.32800944e+00,  -3.71358011e+00,  -2.16150176e-01,  -3.69688108e-01, 
                 2.64615320e+00,  -4.08846769e-01,   2.50996102e+00,  -1.07591862e+00,  -1.76348433e+00, 
                 1.37470340e-01,   3.83065419e-01,  -8.15658798e-01,   3.42828767e-01,   8.06638531e-01, 
                -1.37991400e+00,  -1.70198979e-01,  -1.50750406e+00,  -5.17799846e-01,  -1.33519093e+00, 
                -2.95555501e+00,  -1.52345833e+00,  -6.35340881e-01,  -1.73142680e+00,   7.39854598e-01, 
                 8.82828044e-01,  -4.68509404e-01,  -7.48386971e-01,  -9.89575822e-01,   1.65958040e-01, 
                 8.83355238e-01,   5.29802133e-02,   8.15182753e-01,   3.74127085e+00,  -1.78719731e+00, 
                 5.74263519e-01,   2.77014888e-01,   7.34697073e-01,   9.73020624e-01,   5.09094919e-01, 
                 2.86772589e+00,   1.43117585e+00,   8.30292760e-02,  -3.04194045e-01,   2.51977274e-01, 
                -3.96316825e-01,   6.95741427e-01,  -1.25489719e+00,   4.78513487e-01,  -2.67915329e-03, 
                -2.12767165e-01,  -9.05626220e-01,   9.16421619e-01,   8.14642208e-02,   2.25042385e+00, 
                -2.54658917e+00,   1.07767883e+00,  -5.03065018e-01,  -2.18602839e+00,   1.30114726e+01, 
                -4.95682821e+00,  -6.21076928e-01,   4.65774304e+00,   2.76974129e+00,   3.60615244e+00, 
                 2.15284664e-01,  -2.33459070e-01,  -3.19540977e+00,   2.28714244e+00,  -8.85764626e+00, 
                -5.48075889e+00,  -9.31800583e+00,  -3.43714617e+00,  -2.06179339e+01,  -3.22225180e+01, 
                -2.15664780e+01,  -1.11338567e-01,   3.12450121e+00,   4.18086889e+00,  -1.79763396e+00, 
                 2.59111520e+00,   1.48964787e+00,   1.79117568e+01,  -6.04563425e+00,   1.89438570e+01, 
                 5.71577928e+00,   1.35275644e+00,   8.05291361e+00,   1.21917011e+00,   6.29804005e+00, 
                -5.27701416e-01,   2.37008443e+00,   6.98012787e+00,  -2.23857866e+00,   1.43117585e+00, 
                 1.21647391e+01,   2.61914965e-01,  -2.81237609e+00,  -3.41691691e+00,  -3.48478551e+00, 
                -1.68449415e+00,  -1.22011724e+01,  -1.61806655e+00,  -4.33293885e-01,   3.28156517e+00, 
                -1.41170830e+00,   3.95745533e+00,   1.44975878e+00,   1.15913548e+01,   2.72877027e+00, 
                 6.79000085e+00,   1.04209960e+00,  -9.03065514e-01,   8.45786624e-01,   1.56287171e+00, 
                 1.03847763e-01,  -1.76950938e-01,   7.58727758e-01,   1.82792309e+00,   7.67902377e-01, 
                -2.69398280e+00,   1.20120328e+00,   5.25157279e-01,  -1.09452791e+00,  -1.26941268e+00, 
                -4.98411796e-01,   5.00179711e-01,  -7.03075372e-02,   1.34392918e+00,   1.11444110e+00, 
                -7.13539989e-01,   5.22179120e-01,   1.60151729e+00,   9.22989016e-01,   1.53650236e+00, 
                 4.29219898e-01,  -7.76509495e-02,   5.81909502e-01,  -1.50388218e+00,   1.19156955e+00, 
                -1.19651077e+00,  -1.36518961e+00,  -1.67284722e-01,  -1.76420813e+00,  -4.92319972e-01, 
                -1.28113828e+00,  -2.60353130e+00,   4.39959470e-01,   8.30292760e-02,   2.61914965e-01, 
                 1.82772684e+00,   5.05397851e-01,   4.02686832e-01,  -4.76408940e-01,  -8.80828319e-01, 
                 3.46775651e-01,   1.01137960e+00,  -2.18162458e-01,   1.49585185e+00,   1.14112828e+00, 
                -1.77136935e-01,   1.93096214e-01,  -1.83471995e+00,  -7.74324481e-02,  -2.58407901e+00, 
                 7.38796956e-02,   1.82746131e-01,  -2.99383865e+00,   2.41155314e+00,   6.05127364e-02, 
                -7.13095487e-01,   4.66341691e-01,   5.98162426e-02,   3.54955852e-01,  -2.87481746e+00, 
                 1.42755091e+00,   4.25555610e-01,   1.08830599e+00,   1.05404042e+00,   2.66075468e+00, 
                 2.68419694e+00,   7.17323296e+00,   1.10681155e+01,   9.51785717e+00,  -1.71743567e+00, 
                -2.77256361e+00,   2.02698886e+00,   2.82687027e+00,   2.25214968e-01,  -1.34185237e+00, 
                -8.28628045e+00,   2.10284683e+00,  -7.80863457e+00,  -1.98556689e-01,  -2.58729166e+00, 
                -4.25885721e-01,  -7.26554778e-01,  -3.17936661e+00,  -1.11257962e+00,  -6.93570728e-01, 
                -3.70860102e+00,   1.04614267e+00,  -3.04194045e-01,  -2.81237609e+00,   5.05397851e-01, 
                 4.95641873e+00,   2.31596993e+00,  -2.64946661e+00,  -3.56676088e-01,   2.42522684e+00, 
                 8.42454875e-01,  -5.13161545e-01,  -9.02064414e-03,   1.68140450e+00,  -2.59126418e+00, 
                 7.98970822e-01,  -4.79105413e+00,  -1.35349424e+00,  -3.60145730e+00,  -1.26635319e+00, 
                 5.01515222e-01,  -3.42872329e+00,   3.23618681e+00,   1.20195567e+00,  -2.27949287e+00, 
                -1.33572335e+00,   6.91078894e-01,   1.75037570e+00,  -3.88987483e+00,   3.02676777e+00, 
                -2.57846665e-01,   9.06128782e-01,   1.86938091e+00,   3.06813232e+00,   2.18261833e+00, 
                 1.03071608e+01,   1.44520593e+01,   1.28306639e+01,  -1.66890562e+00,  -4.14867387e+00, 
                 1.62656243e+00,   3.47990914e+00,  -5.28489645e-01,  -2.10915786e+00,  -1.38374243e+01, 
                 3.95572858e+00,  -1.03364053e+01,  -2.36406251e+00,  -2.63930295e+00,  -5.23471828e-03, 
                -1.39487461e+00,  -3.25905718e+00,  -7.77453094e-01,  -7.73328901e-01,  -4.06532526e+00, 
                 1.30652708e+00,   2.51977274e-01,  -3.41691691e+00,   4.02686832e-01,   2.31596993e+00, 
                 3.77662720e+00,  -1.42746907e+00,   1.09493779e+00,   4.02521808e+00,   1.80660141e+00, 
                -4.20824945e-02,  -7.38876395e-01,   8.88486986e-01,  -2.53412548e+00,  -1.31794267e+00, 
                -4.31043275e+00,  -2.12584945e+00,  -3.94749347e+00,  -9.94711643e-01,   6.76707423e-01, 
                -4.09562168e+00,  -2.27946552e-01,   3.15782692e-01,  -1.66576365e+00,  -1.36413798e+00, 
                -3.23776686e+00,  -2.19021386e+00,   4.85908992e+00,  -4.17744153e-01,  -9.72439709e-01, 
                 4.94806601e+00,   1.45030642e+00,   2.07762545e+00,  -1.56823203e+00,   1.32628186e+00, 
                 4.59646307e+00,  -1.43403276e+00,   1.79589351e+00,   3.22696917e+00,  -5.56315278e+00, 
                -3.02447288e+00,  -1.52925863e+00,   1.68598510e+00,   5.01060460e+00,  -7.10479573e-01, 
                -6.23464151e-01,  -1.22473768e+00,   3.76468949e+00,  -5.99125208e+00,  -4.99554467e-01, 
                -7.88668474e-01,   1.52711592e+00,  -9.31645974e-01,  -1.75484527e-01,   2.10291650e-01, 
                -3.96316825e-01,  -3.48478551e+00,  -4.76408940e-01,  -2.64946661e+00,  -1.42746907e+00, 
                 7.70728526e+00,   3.28386021e-01,   4.65217732e+00,  -7.08627042e-01,  -9.88064965e-02, 
                -1.57001656e+00,  -3.35141427e-01,   1.88090064e+00,   3.93955832e-01,  -2.27068336e+00, 
                -3.04351213e-01,  -1.01679111e-01,   6.25245225e-01,   1.33959555e+00,  -1.96946052e+00, 
                -3.53386407e-01,   1.55450109e+00,  -1.30887640e+00,  -2.93729207e+00,  -1.28691695e+00, 
                 5.54599210e-01,  -1.95696134e-01,   1.27967726e+00,  -8.43972978e-02,   3.13607532e-01, 
                 2.98317486e+00,   2.00816858e+00,  -2.59433774e-01,   7.76162369e+00,   6.18389846e+00, 
                 7.84769312e+00,  -5.52759361e-01,  -5.54277686e+00,  -5.51602466e-01,   1.54287724e+00, 
                -3.03994633e+00,  -3.06484861e+00,  -1.27341517e+01,   2.45492880e+00,  -4.57869895e+00, 
                -4.62113135e+00,  -3.63548525e-01,   4.70749298e+00,  -1.62901637e+00,   1.47250589e+00, 
                -1.52377299e-01,   2.45582595e+00,   2.25081286e+00,  -3.99501550e-01,   6.95741427e-01, 
                -1.68449415e+00,  -8.80828319e-01,  -3.56676088e-01,   1.09493779e+00,   3.28386021e-01, 
                 4.25553954e+00,   1.51259336e+00,   2.65062033e-01,   2.41424192e-01,  -3.18792907e+00, 
                -1.59219554e+00,  -8.70762674e-01,  -2.70772297e+00,   2.22279775e+00,  -1.05856633e+00, 
                 2.35670715e+00,  -7.19178328e-01,   1.80028951e+00,  -1.36018510e+01,   7.38781496e+00, 
                 1.49145146e+00,  -6.60913245e+00,  -3.90298763e+00,  -2.32785382e+00,   7.98210246e-01, 
                -1.92262042e+00,   4.97495749e+00,  -2.44622940e+00,   9.21884780e+00,   5.51778227e+00, 
                 9.56318551e+00,   3.95419576e+00,   2.29812674e+01,   3.76666384e+01,   2.51398055e+01, 
                 4.16245441e-01,  -2.11508960e+00,  -3.80760035e+00,   2.65940643e+00,  -2.43772784e+00, 
                -1.31454175e+00,  -2.11228384e+01,   7.60587782e+00,  -2.24067853e+01,  -5.68257914e+00, 
                -2.45835576e+00,  -1.09968473e+01,  -1.99697732e+00,  -8.66734164e+00,   7.50728916e-01, 
                -3.80279795e+00,  -9.73241198e+00,   2.90580207e+00,  -1.25489719e+00,  -1.22011724e+01, 
                 3.46775651e-01,   2.42522684e+00,   4.02521808e+00,   4.65217732e+00,   1.51259336e+00, 
                 1.60215365e+01,   3.14683206e+00,   4.23529957e-01,  -2.92256699e+00,   1.64511164e+00, 
                -4.55021330e+00,  -1.97772541e+00,  -1.40579973e+01,  -3.46459306e+00,  -9.51106205e+00, 
                -7.38711642e-01,  -1.17906222e+00,  -5.85603170e-01,   4.01194914e+00,   1.96994403e+00, 
                -2.42938307e+00,  -2.36776146e+00,   3.03400811e+00,   2.25268334e+00,  -5.97461261e+00, 
                 2.62812407e+00,   2.62404091e-01,  -5.00979478e-01,  -2.23926471e-01,   5.43511917e-01, 
                 2.02581184e+00,   5.72138792e+00,   9.25793558e+00,   7.93903797e+00,   8.37998845e-01, 
                -1.34597640e+00,   2.30780725e+00,   1.93928580e+00,   9.72656296e-01,  -4.12020581e-01, 
                -1.01503027e+01,   4.40143176e+00,  -6.80933629e+00,  -1.70259051e+00,  -3.73329141e+00, 
                -2.21925115e+00,  -2.97074253e-01,  -2.93208514e+00,   6.94750894e-01,  -2.18158628e+00, 
                -4.33551059e+00,   1.12020534e+00,   4.78513487e-01,  -1.61806655e+00,   1.01137960e+00, 
                 8.42454875e-01,   1.80660141e+00,  -7.08627042e-01,   2.65062033e-01,   3.14683206e+00, 
                 4.47234392e+00,   1.50348157e+00,   1.28423029e+00,  -9.46887741e-01,  -2.26656058e+00, 
                -2.63529383e+00,  -3.12944372e+00,  -1.21915773e+00,  -4.31307659e+00,   4.85634142e-01, 
                -6.69956182e-01,  -1.70025321e-01,   5.79945804e-01,   9.81291072e-01,  -8.13162907e-01, 
                -2.27668961e+00,   6.82995369e-01,   4.63875228e-01,  -1.13255734e+00,  -1.08762425e+00, 
                -5.06740155e-01,   6.86144017e-01,   3.47065251e-02,  -2.85060606e-01,   1.04174677e+00, 
                -1.95347398e-01,   1.62001441e-01,  -8.99380565e-01,   3.64558461e+00,   1.08705814e+00, 
                -1.42958013e+00,  -1.72465921e+00,   5.49393575e-01,   9.31928929e-01,  -2.18420939e+00, 
                 2.05976481e+00,   7.92025035e-01,  -1.33444664e+00,  -1.62107001e+00,  -2.17540131e+00, 
                 1.84276125e+00,   9.03468360e-01,   2.42368436e+00,  -1.16325119e+00,   1.18994017e-01, 
                 2.83134660e-01,  -2.67915329e-03,  -4.33293885e-01,  -2.18162458e-01,  -5.13161545e-01, 
                -4.20824945e-02,  -9.88064965e-02,   2.41424192e-01,   4.23529957e-01,   1.50348157e+00, 
                 4.12948158e+00,   4.91817503e-01,  -2.13806806e+00,  -1.56570008e+00,  -2.32721677e+00, 
                 6.73463683e-01,  -1.17209570e-01,  -6.12508870e-02,   1.45309115e+00,  -2.54233832e+00, 
                 4.37721609e+00,   1.31603723e+00,  -1.06016368e+00,   2.07895163e+00,   3.23317246e+00, 
                 4.59821966e+00,   1.26714208e+00,  -4.31085187e+00,  -8.49471922e-02,   8.36080773e-01, 
                -3.13103517e+00,  -4.55513377e+00,  -4.07463594e+00,   1.17602785e-02,  -9.04579968e+00, 
                -8.67225230e+00,  -7.50506780e+00,  -1.57350542e-01,   3.92239770e+00,   4.93432260e+00, 
                -4.05870652e-01,   4.77692753e+00,   3.24991918e+00,   9.89647842e+00,  -1.51406695e+00, 
                 4.40496508e+00,   3.81445324e+00,  -3.31569925e-01,  -3.98729136e+00,   3.03707074e+00, 
                -1.26523543e+00,   1.57052336e-01,  -3.90835039e+00,  -3.65301904e+00,   6.95796533e-01, 
                -2.12767165e-01,   3.28156517e+00,   1.49585185e+00,  -9.02064414e-03,  -7.38876395e-01, 
                -1.57001656e+00,  -3.18792907e+00,  -2.92256699e+00,   1.28423029e+00,   4.91817503e-01, 
                 7.09531536e+00,  -1.19283538e+00,   1.52288527e+00,   3.89419496e-01,  -5.75208405e-01, 
                 1.80874627e+00,  -3.85279285e+00,   1.48919870e+00,  -3.19518069e-01,  -1.59491100e+00, 
                 1.87037817e+00,  -2.28735549e+00,   3.41260512e-01,   5.00324350e+00,   8.22061238e-01, 
                 1.95976678e-01,  -2.34789423e+00,   3.07360621e+00,   6.23245610e-01,  -1.35238008e+00, 
                -8.87127111e-01,   2.84813381e+00,   8.19498162e-01,   4.06499085e+00,   8.19303492e+00, 
                 6.10148109e+00,  -3.77635394e+00,   1.78699366e+00,  -3.43408391e+00,   2.36818488e+00, 
                 3.03689878e+00,  -4.82907170e-01,   1.59696346e-01,   7.12872800e-01,  -5.43728788e+00, 
                 4.50983578e+00,  -3.17767186e+00,  -2.36333287e+00,  -2.28324280e+00,  -4.56286347e+00, 
                -3.56091163e+00,  -6.22351524e-01,  -5.70957699e+00,   4.46515604e-01,  -9.05626220e-01, 
                -1.41170830e+00,   1.14112828e+00,   1.68140450e+00,   8.88486986e-01,  -3.35141427e-01, 
                -1.59219554e+00,   1.64511164e+00,  -9.46887741e-01,  -2.13806806e+00,  -1.19283538e+00, 
                 1.40498899e+01,  -1.64433007e+00,   3.04729514e+00,  -7.00818921e+00,  -2.23610967e-01, 
                -5.66974355e+00,  -1.16311854e+00,  -2.85713801e-01,   4.41896945e+00,  -3.68804213e+00, 
                -2.20723066e-01,   2.13034269e+00,   1.87355069e+00,  -9.36928325e-01,  -1.48184402e+00, 
                 4.28379224e+00,  -2.00422207e+00,   4.89553770e-01,  -1.42266842e+00,  -2.28758228e+00, 
                -3.64024178e+00,  -3.38906284e+00,  -1.09774319e+01,  -1.56662716e+01,  -1.35924269e+01, 
                -1.31039344e+00,   2.02497750e+00,   2.41453682e-01,  -2.21262392e+00,   5.08517102e-01, 
                 1.80958706e+00,   1.56363284e+01,  -5.24790330e+00,   9.69251022e+00,   2.62976461e+00, 
                 5.65656918e+00,   2.34227496e+00,  -3.28629484e-02,   2.85387754e+00,  -1.65035951e-01, 
                 8.05676425e-01,   3.54856484e+00,  -6.29890922e-01,   9.16421619e-01,   3.95745533e+00, 
                -1.77136935e-01,  -2.59126418e+00,  -2.53412548e+00,   1.88090064e+00,  -8.70762674e-01, 
                -4.55021330e+00,  -2.26656058e+00,  -1.56570008e+00,   1.52288527e+00,  -1.64433007e+00, 
                 5.92276460e+00,   2.41467451e+00,   4.80951335e+00,   3.85253087e-01,   3.59421230e+00, 
                 4.15718972e-02,   4.90842300e-01,   1.24649494e+00,  -2.05402529e+00,  -1.01777712e+00, 
                 6.59584655e-01,   2.64158321e+00,  -2.93331622e+00,  -2.50223442e+00,   5.99603175e+00, 
                -2.25116336e+00,  -2.15573143e-01,   1.56510198e+00,  -1.61433354e+00,  -6.77927672e-01, 
                -6.72591745e-01,  -7.43387004e+00,  -7.36167877e+00,  -9.94059528e+00,  -1.55596375e+00, 
                 3.35529863e+00,  -2.00362058e+00,  -1.77673497e+00,   7.63315208e-01,   1.98483552e+00, 
                 1.61047673e+01,  -5.85925748e+00,   5.77664749e+00,   6.26818996e+00,   4.17188299e+00, 
                -1.19574634e+00,  -1.69384292e+00,  -4.25290881e-01,  -7.88698166e-01,   6.62715660e-01, 
                 5.69231358e-01,   5.20292142e-02,   8.14642208e-02,   1.44975878e+00,   1.93096214e-01, 
                 7.98970822e-01,  -1.31794267e+00,   3.93955832e-01,  -2.70772297e+00,  -1.97772541e+00, 
                -2.63529383e+00,  -2.32721677e+00,   3.89419496e-01,   3.04729514e+00,   2.41467451e+00, 
                 7.92863778e+00,  -1.08497520e+00,  -1.50968313e+00,   8.04006604e-01,  -1.27502992e+00, 
                -3.45408499e-01,   1.27849125e+01,  -9.05964187e+00,   7.82433274e-01,   4.94304057e+00, 
                -1.03087693e+00,   1.45180704e-01,  -1.12914654e+00,   4.00487933e+00,  -5.37957087e+00, 
                 2.30423347e+00,  -8.19410132e+00,  -2.12108393e+00,  -9.26594598e+00,  -5.47124770e+00, 
                -1.93289536e+01,  -3.72163093e+01,  -2.27269148e+01,   1.46861811e+00,  -1.77752260e+00, 
                 2.20900281e+00,  -3.31608066e+00,  -1.94941009e+00,  -9.35050617e-01,   1.14835893e+01, 
                -6.77734740e+00,   2.25067612e+01,   9.54844044e-01,   4.07320343e+00,   1.48492816e+01, 
                 9.06198760e-01,   1.24475141e+01,   8.50485812e-01,   6.80095282e+00,   1.50889509e+01, 
                -3.91533736e+00,   2.25042385e+00,   1.15913548e+01,  -1.83471995e+00,  -4.79105413e+00, 
                -4.31043275e+00,  -2.27068336e+00,   2.22279775e+00,  -1.40579973e+01,  -3.12944372e+00, 
                 6.73463683e-01,  -5.75208405e-01,  -7.00818921e+00,   4.80951335e+00,  -1.08497520e+00, 
                 2.11363887e+01,   2.78413608e+00,   1.49110858e+01,   1.01940744e+00,  -6.93885433e-01, 
                 1.63890902e+00,  -1.57561412e+00,  -4.48122225e+00,   4.53574189e+00,   4.06437919e+00, 
                 2.23245487e+00,  -3.65459401e-01,  -3.55186723e-01,  -1.42263423e+00,   4.36130348e-01, 
                -2.68938545e+00,  -1.95370501e+00,  -2.01608420e+00,  -1.31099123e+00,  -6.07672111e+00, 
                -9.58560140e+00,  -5.41862411e+00,   9.24799369e-01,   3.30178330e+00,   1.69852886e+00, 
                -1.89198381e+00,   1.61638706e+00,   1.32082284e+00,   6.50778578e+00,  -2.11218723e+00, 
                 6.53715054e+00,   7.22617230e-01,  -1.27616896e+00,  -1.69644830e+00,   4.01684976e+00, 
                 2.51284087e+00,  -9.08182461e-01,   4.21898437e-02,   2.10631614e+00,  -2.32800944e+00, 
                -2.54658917e+00,   2.72877027e+00,  -7.74324481e-02,  -1.35349424e+00,  -2.12584945e+00, 
                -3.04351213e-01,  -1.05856633e+00,  -3.46459306e+00,  -1.21915773e+00,  -1.17209570e-01, 
                 1.80874627e+00,  -2.23610967e-01,   3.85253087e-01,  -1.50968313e+00,   2.78413608e+00, 
                 7.76406123e+00,   1.77000168e+00,   1.70197666e+00,   1.56301198e+00,   6.42226447e+00, 
                -9.02058589e+00,   1.62723553e-01,   3.30136216e+00,  -2.09679697e+00,  -4.58314001e+00, 
                -3.27525029e+00,   9.89492188e+00,  -6.38895024e+00,   4.34139326e-01,  -2.14191300e+00, 
                 6.14495658e-01,  -4.55500671e+00,  -4.22490229e+00,  -1.29647485e+01,  -2.68994067e+01, 
                -1.86556558e+01,   2.43702290e+00,  -9.53556473e-01,  -2.66905734e+00,  -4.60942239e+00, 
                -4.63013663e+00,  -1.06486877e+00,   1.20758973e+01,  -6.34166868e+00,   1.83183812e+01, 
                -7.03679425e-01,   5.15510259e+00,   1.20390051e+01,  -2.60697791e-01,   1.07838334e+01, 
                 1.21638948e+00,   7.52159524e+00,   1.51364234e+01,  -3.71358011e+00,   1.07767883e+00, 
                 6.79000085e+00,  -2.58407901e+00,  -3.60145730e+00,  -3.94749347e+00,  -1.01679111e-01, 
                 2.35670715e+00,  -9.51106205e+00,  -4.31307659e+00,  -6.12508870e-02,  -3.85279285e+00, 
                -5.66974355e+00,   3.59421230e+00,   8.04006604e-01,   1.49110858e+01,   1.77000168e+00, 
                 1.61392411e+01,  -1.23845003e-01,  -9.03789996e-01,   1.16284542e+00,   1.10350672e-02, 
                -5.89923486e-01,   7.06091030e-01,   2.03736225e-01,   1.37704344e+00,   1.54201363e-01, 
                -7.48205647e-01,  -9.34051261e-01,  -7.52308339e-02,  -5.37474127e-01,  -1.12044629e+00, 
                -1.57281193e+00,  -2.61816901e-01,  -3.98460033e+00,  -4.32170987e+00,  -4.15251570e+00, 
                 2.26765373e+00,   3.03044842e+00,  -2.71199951e-01,  -1.72830930e+00,   1.24444203e+00, 
                 1.61981638e+00,   3.67380428e+00,  -6.27532606e-02,   3.39399034e+00,   4.38370643e-01, 
                -5.21033488e-01,  -2.85425196e+00,   2.17895651e+00,   7.70747211e-01,   1.24540385e+00, 
                -1.38275110e+00,   8.57638310e-02,  -2.16150176e-01,  -5.03065018e-01,   1.04209960e+00, 
                 7.38796956e-02,  -1.26635319e+00,  -9.94711643e-01,   6.25245225e-01,  -7.19178328e-01, 
                -7.38711642e-01,   4.85634142e-01,   1.45309115e+00,   1.48919870e+00,  -1.16311854e+00, 
                 4.15718972e-02,  -1.27502992e+00,   1.01940744e+00,   1.70197666e+00,  -1.23845003e-01, 
                 2.52658464e+00 ]
            </invhessian_bfgs>
         </optimizer>
      </motion>
      <beads natoms='18' nbeads='1'>
         <q shape='(1, 54)'>
          [   1.94843232e+01,   1.83021957e+01,   1.60349060e+01,   2.20096327e+01,   1.96024748e+01, 
              1.68297071e+01,   1.92868959e+01,   1.94514075e+01,   2.18048798e+01,   1.92040279e+01, 
              1.67103996e+01,   2.08241456e+01,   2.29503038e+01,   1.84004178e+01,   2.05159277e+01, 
              2.55587540e+01,   1.77407098e+01,   1.92039047e+01,   1.57560044e+01,   1.66983697e+01, 
              1.81179293e+01,   1.69089620e+01,   1.40778483e+01,   1.72076630e+01,   1.26848166e+01, 
              1.87656153e+01,   2.03782487e+01,   1.48421895e+01,   2.03851711e+01,   1.91269154e+01, 
              1.87521294e+01,   2.14682604e+01,   1.80182743e+01,   1.77166162e+01,   2.38972899e+01, 
              1.95123419e+01,   2.03772052e+01,   1.99327919e+01,   1.59454481e+01,   2.00920934e+01, 
              1.77947082e+01,   2.20542601e+01,   2.42357097e+01,   1.90111215e+01,   1.92661573e+01, 
              1.73734938e+01,   1.57485252e+01,   1.78108360e+01,   1.36004257e+01,   1.89953033e+01, 
              1.88021570e+01,   1.76481279e+01,   2.20623653e+01,   1.94955895e+01 ]
         </q>
         <p shape='(1, 54)'>
          [   0.00000000e+00,   0.00000000e+00,   0.00000000e+00,   0.00000000e+00,   0.00000000e+00, 
              0.00000000e+00,   0.00000000e+00,   0.00000000e+00,   0.00000000e+00,   0.00000000e+00, 
              0.00000000e+00,   0.00000000e+00,   0.00000000e+00,   0.00000000e+00,   0.00000000e+00, 
              0.00000000e+00,   0.00000000e+00,   0.00000000e+00,   0.00000000e+00,   0.00000000e+00, 
              0.00000000e+00,   0.00000000e+00,   0.00000000e+00,   0.00000000e+00,   0.00000000e+00, 
              0.00000000e+00,   0.00000000e+00,   0.00000000e+00,   0.00000000e+00,   0.00000000e+00, 
              0.00000000e+00,   0.00000000e+00,   0.00000000e+00,   0.00000000e+00,   0.00000000e+00, 
              0.00000000e+00,   0.00000000e+00,   0.00000000e+00,   0.00000000e+00,   0.00000000e+00, 
              0.00000000e+00,   0.00000000e+00,   0.00000000e+00,   0.00000000e+00,   0.00000000e+00, 
              0.00000000e+00,   0.00000000e+00,   0.00000000e+00,   0.00000000e+00,   0.00000000e+00, 
              0.00000000e+00,   0.00000000e+00,   0.00000000e+00,   0.00000000e+00 ]
         </p>
         <m shape='(18)'>
          [   1.83736223e+03,   1.83736223e+03,   1.83736223e+03,   1.83736223e+03,   1.83736223e+03, 
              1.83736223e+03,   1.83736223e+03,   1.83736223e+03,   1.83736223e+03,   1.83736223e+03, 
              1.83736223e+03,   1.83736223e+03,   2.91651223e+04,   2.91651223e+04,   2.91651223e+04, 
              2.91651223e+04,   2.91651223e+04,   2.91651223e+04 ]
         </m>
         <names shape='(18)'>
          [ H, H, H, H, H, 
            H, H, H, H, H, 
            H, H, O, O, O, 
            O, O, O ]
         </names>
      </beads>
      <forces>
         <force forcefield='ipi_vasp'>
         </force>
      </forces>
      <ensemble>
         <stress shape='(3, 3)'>
          [  -1.00000000e+00,  -1.00000000e+00,  -1.00000000e+00,  -1.00000000e+00,  -1.00000000e+00, 
             -1.00000000e+00,  -1.00000000e+00,  -1.00000000e+00,  -1.00000000e+00 ]
         </stress>
         <temperature>  1.00000000e+00</temperature>
         <hamiltonian_weights shape='(1)'> [   1.00000000e+00 ] </hamiltonian_weights>
      </ensemble>
   </system>
</simulation>
