<simulation verbosity='high' mode='static'>
   <step>500</step>
   <total_steps>500</total_steps>
   <output prefix='nve'>
      <properties filename='prp' shape='(5)'> [ step, time{femtosecond}, temperature{kelvin}, potential{electronvolt}, kinetic_md{electronvolt} ] </properties>
      <trajectory filename='pos' cell_units='angstrom'>positions{angstrom}</trajectory>
      <trajectory filename='vel' cell_units='angstrom'>velocities</trajectory>
   </output>
   <prng>
      <set_pos>624</set_pos>
      <state shape='(624)'>
       [ 27182, 2285797927, 1599219099, 2428387269, 2644617351, 
         1805232510, 3855472161, 79408497, 3086214813, 2080248772, 
         2318744003, 53416496, 832429308, 1768885113, 4131044966, 
         1708403432, 806002429, 3090226914, 1292308082, 329858674, 
         558802190, 2780667035, 2966137203, 203313836, 3572017652, 
         1551973772, 3553148347, 3418509747, 3711003276, 4100886920, 
         978308853, 3153118152, 2437568722, 1233934897, 3623044370, 
         1919375576, 1799433921, 2046570981, 2758718234, 590119071, 
         1237112291, 1461998675, 3098748548, 1408624905, 2029140052, 
         3188242102, 2451728690, 841887775, 3906114411, 1942933561, 
         2945326666, 2235464347, 3882958737, 1068578511, 3404228321, 
         2498595169, 1710370631, 2797804759, 3678100803, 3490908795, 
         828725652, 2633534369, 2252231309, 3870169514, 772444397, 
         3291808450, 1185570663, 2987342209, 1012780019, 449544740, 
         971742330, 2953315945, 260492159, 1737375844, 1515746595, 
         2273536181, 3672326015, 84240441, 3312951243, 2871792183, 
         4187262009, 1144806707, 3725494028, 1735086142, 16867375, 
         2538412512, 24324224, 1318812375, 3689807046, 646784786, 
         1763118196, 2130020228, 1292346581, 1829075969, 1451617374, 
         1491998938, 2470052295, 1228415002, 823139849, 2578295536, 
         1453192158, 1928105568, 3224180139, 1777890223, 1454359054, 
         3835336532, 3277604029, 2103627105, 1971545932, 4265277134, 
         384963663, 2089372314, 156525207, 1026471172, 3311963910, 
         3689749100, 884593983, 2838026576, 581476304, 146627975, 
         1282680251, 3524881627, 2570029490, 3829433067, 131714564, 
         4199181329, 531645848, 3706834295, 545596228, 3141684821, 
         896956373, 2695971980, 193071754, 2746745591, 2179024943, 
         3267137352, 1277209631, 3788633695, 20016854, 1017856249, 
         1747248073, 1860953717, 1049755730, 1812202217, 3078311448, 
         2066201299, 2372212588, 4000193785, 1103706422, 1753416264, 
         870840419, 757529254, 2400041494, 1334517373, 4204225414, 
         3063902484, 3221644362, 3090129514, 2039266214, 3666045058, 
         3494659205, 1718402943, 4292082520, 2745360010, 772838476, 
         704327329, 779390763, 3267854238, 1431002777, 2994973345, 
         1387826681, 3901864835, 3746986540, 2412403768, 63401360, 
         4131408511, 3902652316, 2200023404, 104914712, 1755569451, 
         3190275142, 524921737, 1100742339, 758076737, 3910364253, 
         4164554703, 2146461750, 790596974, 3223628578, 133377474, 
         1589370952, 3643117196, 4278502955, 1980077705, 192621674, 
         1631797397, 2435034920, 3723990615, 2657960938, 3049976655, 
         2019636009, 3369179025, 567013220, 877524799, 2999731111, 
         1347223014, 1200737265, 372827775, 424011755, 3709748104, 
         3957524905, 2355415781, 1420471543, 1084220387, 2738281216, 
         2498132641, 889495079, 713442620, 3601493382, 8151892, 
         3917948160, 3157603852, 491639396, 638027347, 3089066655, 
         2596148690, 526052338, 2462161245, 3339606623, 2139677489, 
         149312214, 1359820117, 4044095244, 3533940948, 30256317, 
         1019300988, 3516238296, 3754071892, 1109673281, 1713279791, 
         353742870, 90455967, 2549232045, 3203219966, 1775166816, 
         2835900730, 2972220430, 61824435, 1631175575, 3868160295, 
         35645486, 2870556961, 1417430731, 4268755119, 596343002, 
         4020852993, 1971335370, 4013745176, 2580902569, 843104634, 
         1030529062, 3331950083, 759684870, 4108268645, 2246329158, 
         2179591901, 238654981, 2753814020, 2384580458, 3073211669, 
         3162810913, 3394821086, 2713912385, 2433583744, 453326940, 
         3468458335, 2396135008, 4158025663, 3884560962, 1434394044, 
         1312547241, 4110086241, 3696445892, 2009635742, 4073094615, 
         3799128513, 4078632104, 1737110422, 3963824819, 2468874385, 
         3144093217, 1026445298, 866913694, 2105339515, 1530880328, 
         1611690996, 1010752977, 2788777374, 2801691574, 3958362927, 
         3285507464, 3763850244, 117718769, 1861406532, 2107290729, 
         661444153, 3022259887, 2223257716, 1570467266, 1617209892, 
         700968655, 1448542178, 1652060359, 3947394391, 1068253022, 
         2960150353, 3859265531, 2319928853, 2374836049, 1035323390, 
         1085331062, 969624884, 2784119494, 3723912343, 2652169128, 
         2109328727, 4002089524, 13858810, 1048125674, 382547867, 
         3136676977, 493465002, 2689040222, 3403775129, 383423504, 
         3387489183, 148226524, 4263000349, 1844549672, 534641280, 
         924997076, 3913699833, 1618158328, 2884832916, 2546796678, 
         2299461997, 4172871973, 4133069657, 2571017694, 422774057, 
         2936208267, 1367904108, 664595553, 4262472870, 3100175227, 
         3919030560, 3058595635, 3642048698, 3591670627, 3293666887, 
         1130927676, 1750396026, 4151058673, 2045280997, 1258531168, 
         465419698, 3292404392, 2272463334, 1978264676, 3348058698, 
         2056489279, 962155753, 219034209, 204917434, 657557208, 
         3348876463, 1236520276, 3324346626, 836530143, 3337583478, 
         1639994277, 4146054449, 4235104312, 2557180870, 3120544212, 
         2570180847, 138177539, 3451468210, 2311748953, 2339776876, 
         3419158508, 218757586, 3898536802, 291237838, 2201803728, 
         4083424613, 1879388362, 4072006820, 3450967665, 1706122889, 
         4789560, 1840797865, 1036313562, 4019425429, 3115471554, 
         4108543829, 1801374852, 3413958416, 959065879, 511239340, 
         2294695286, 3885005919, 3843182056, 1901625940, 2180901415, 
         780021560, 3382024888, 3069255784, 3529540980, 2176997526, 
         253765640, 2773750989, 519568977, 254259356, 3698338612, 
         1642233180, 2096970843, 1940585261, 2433984008, 2195840415, 
         3456136607, 2355291195, 2562034989, 410508348, 566886750, 
         553638345, 2969337601, 2964044004, 2952596084, 3936897093, 
         620493654, 2554671271, 181895123, 489839354, 1818472542, 
         55602744, 4248794582, 4109073352, 2897509335, 4165786058, 
         3613228815, 2318699903, 1088338197, 1215740585, 458460686, 
         1230932813, 1777115844, 4242187906, 3202726831, 1607311884, 
         3258246637, 2674726579, 2449845923, 1494814804, 3740528729, 
         206831443, 3490457745, 1249912173, 2391380336, 3980027343, 
         2971162450, 142885991, 2006654331, 2035215611, 197872252, 
         3413426375, 3046437680, 407352983, 2804079217, 348961854, 
         322270294, 2779966927, 494241987, 2263110098, 1686935796, 
         1946580878, 3580998737, 2509899841, 4060487511, 242897421, 
         3867563531, 2437036819, 2318690465, 857834812, 288009882, 
         1534938801, 2388409696, 2364255131, 4110325327, 317979119, 
         3029042239, 1048236806, 2928507220, 756672229, 2483791697, 
         1013543096, 4159959698, 772099632, 1648331500, 2363860606, 
         1511460074, 1601101238, 1063610931, 3023909664, 2591055980, 
         485682025, 665916273, 2690328218, 969249790, 3138933565, 
         2950598883, 1618908110, 766712245, 4032693108, 1899171583, 
         2367478339, 2163599027, 1951383268, 1692524393, 2843987481, 
         1896465849, 3685907371, 1932505948, 475630278, 1845606452, 
         3082095616, 2313736418, 918702713, 2849055959, 3389818660, 
         2438345599, 2633709422, 1941547962, 2604979686, 568027412, 
         374876933, 1223796763, 2869116517, 1568522183, 4104626499, 
         2754469990, 2783645083, 724713605, 3472728994, 3423189423, 
         1474776839, 683042186, 2870143903, 1272511519, 2556004357, 
         2974772211, 347115846, 676448464, 3932916803, 3762067316, 
         1027044136, 3650672894, 1347945224, 2912421317, 4102211772, 
         2252369045, 497592526, 2072172930, 4154191340, 2019739785, 
         939648999, 3911982947, 4141007649, 3649188012, 2771639886, 
         327246400, 2673870213, 1585999753, 3158035183, 3416975049, 
         1467296251, 3532020716, 1304309398, 1830302431, 165077475, 
         3521027037, 3645853413, 1573730574, 3102313532, 3991110856, 
         3798010218, 3425757633, 4172484063, 571684386, 2356842433, 
         899618119, 3541526108, 2929540309, 1735987758, 4039661031, 
         3191662929, 204110621, 577771984, 146440560, 183108497, 
         3476226967, 2501287879, 1741715485, 2655674737, 1873018821, 
         2112868027, 609491914, 1385435931, 1348105644, 1348797612, 
         3826675629, 1952460819, 1277860744, 3872043132 ]
      </state>
      <seed>27182</seed>
   </prng>
   <ffsocket name='ipi_vasp'>
      <address>19.19.19.100</address>
      <port>31416</port>
   </ffsocket>
   <system>
      <cell shape='(3, 3)'>
       [   3.77945220e+01,   2.31424702e-15,   2.31424702e-15,   0.00000000e+00,   3.77945220e+01, 
           2.31424702e-15,   0.00000000e+00,   0.00000000e+00,   3.77945220e+01 ]
      </cell>
      <motion mode='dynamics'>
         <dynamics>
            <timestep>  2.06706865e+01</timestep>
            <nmts shape='(1)'> [ 1 ] </nmts>
         </dynamics>
         <fixcom>False</fixcom>
      </motion>
      <beads natoms='18' nbeads='1'>
         <q shape='(1, 54)'>
          [   1.96539598e+01,   1.70120153e+01,   1.44963276e+01,   2.22425935e+01,   1.85653718e+01, 
              1.44886755e+01,   1.96080087e+01,   1.96399804e+01,   1.97891278e+01,   1.91773632e+01, 
              1.68373660e+01,   1.92955763e+01,   2.33317122e+01,   1.80682778e+01,   1.84113604e+01, 
              2.59267016e+01,   1.73942701e+01,   1.72408240e+01,   1.62476341e+01,   1.58532711e+01, 
              1.64813325e+01,   1.73704512e+01,   1.32375721e+01,   1.70797423e+01,   1.30815863e+01, 
              1.81787444e+01,   1.83643461e+01,   1.52959786e+01,   1.95997096e+01,   1.68870966e+01, 
              1.90383862e+01,   2.05780663e+01,   1.55184180e+01,   1.79468751e+01,   2.31892503e+01, 
              1.65100660e+01,   2.04784691e+01,   1.85599390e+01,   1.38778491e+01,   2.02769910e+01, 
              1.79359316e+01,   2.01859883e+01,   2.46723511e+01,   1.87547317e+01,   1.72092294e+01, 
              1.78268293e+01,   1.48761853e+01,   1.64736565e+01,   1.41336714e+01,   1.81478667e+01, 
              1.68370413e+01,   1.78992777e+01,   2.14622649e+01,   1.68927120e+01 ]
         </q>
         <p shape='(1, 54)'>
          [  -3.04268826e-02,  -7.44752169e-01,   6.92981089e-01,  -1.20587065e+00,   2.72937186e-01, 
              9.88943214e-02,   1.21401959e-01,  -3.99294813e-01,  -8.85851677e-01,  -1.08552130e+00, 
             -1.25776483e+00,  -6.18544348e-01,   2.80202712e-01,  -2.68307783e-01,  -4.03534201e-01, 
              8.25707804e-01,   4.81065902e-01,  -2.98460252e+00,   6.41144393e-01,   1.68077951e+00, 
             -1.35706280e+00,   4.51336411e-01,  -1.36123142e+00,   6.51004556e-01,   1.72235834e+00, 
              7.48526585e-01,   7.77733547e-01,   7.74385210e-01,   3.12994972e-01,   2.35012311e-02, 
              5.50914835e-01,   1.64500675e-01,  -2.93446273e-01,  -3.23837747e-01,   1.83675824e-01, 
             -8.96532011e-01,   2.62747274e+00,   4.03072703e-01,  -9.44057607e+00,   3.66093261e+00, 
              2.36168527e+00,  -9.90778897e-01,  -1.52908549e+00,  -3.94428331e+00,  -3.41354641e+00, 
              2.74727835e+00,  -5.16343482e+00,  -1.68159787e+00,  -2.66296332e+00,  -3.06471408e+00, 
             -9.04017387e+00,  -1.38074835e+00,  -2.44362788e+00,  -7.89259652e+00 ]
         </p>
         <m shape='(18)'>
          [   1.83736223e+03,   1.83736223e+03,   1.83736223e+03,   1.83736223e+03,   1.83736223e+03, 
              1.83736223e+03,   1.83736223e+03,   1.83736223e+03,   1.83736223e+03,   1.83736223e+03, 
              1.83736223e+03,   1.83736223e+03,   2.91651223e+04,   2.91651223e+04,   2.91651223e+04, 
              2.91651223e+04,   2.91651223e+04,   2.91651223e+04 ]
         </m>
         <names shape='(18)'>
          [ H, H, H, H, H, 
            H, H, H, H, H, 
            H, H, O, O, O, 
            O, O, O ]
         </names>
      </beads>
      <forces>
         <force forcefield='ipi_vasp'>
         </force>
      </forces>
      <ensemble>
         <stress shape='(3, 3)'>
          [  -1.00000000e+00,  -1.00000000e+00,  -1.00000000e+00,  -1.00000000e+00,  -1.00000000e+00, 
             -1.00000000e+00,  -1.00000000e+00,  -1.00000000e+00,  -1.00000000e+00 ]
         </stress>
         <temperature>  1.00000000e+00</temperature>
         <time>  1.03353432e+04</time>
         <hamiltonian_weights shape='(1)'> [   1.00000000e+00 ] </hamiltonian_weights>
      </ensemble>
   </system>
</simulation>
