<simulation verbosity='high' mode='static'>
   <step>59</step>
   <total_steps>100</total_steps>
   <output prefix='h2o_hex_cage_geop'>
      <properties filename='prp' shape='(2)'> [ step, potential{electronvolt} ] </properties>
      <trajectory filename='trj'>positions{angstrom}</trajectory>
   </output>
   <prng>
      <set_pos>624</set_pos>
      <state shape='(624)'>
       [ 27182, 2285797927, 1599219099, 2428387269, 2644617351, 
         1805232510, 3855472161, 79408497, 3086214813, 2080248772, 
         2318744003, 53416496, 832429308, 1768885113, 4131044966, 
         1708403432, 806002429, 3090226914, 1292308082, 329858674, 
         558802190, 2780667035, 2966137203, 203313836, 3572017652, 
         1551973772, 3553148347, 3418509747, 3711003276, 4100886920, 
         978308853, 3153118152, 2437568722, 1233934897, 3623044370, 
         1919375576, 1799433921, 2046570981, 2758718234, 590119071, 
         1237112291, 1461998675, 3098748548, 1408624905, 2029140052, 
         3188242102, 2451728690, 841887775, 3906114411, 1942933561, 
         2945326666, 2235464347, 3882958737, 1068578511, 3404228321, 
         2498595169, 1710370631, 2797804759, 3678100803, 3490908795, 
         828725652, 2633534369, 2252231309, 3870169514, 772444397, 
         3291808450, 1185570663, 2987342209, 1012780019, 449544740, 
         971742330, 2953315945, 260492159, 1737375844, 1515746595, 
         2273536181, 3672326015, 84240441, 3312951243, 2871792183, 
         4187262009, 1144806707, 3725494028, 1735086142, 16867375, 
         2538412512, 24324224, 1318812375, 3689807046, 646784786, 
         1763118196, 2130020228, 1292346581, 1829075969, 1451617374, 
         1491998938, 2470052295, 1228415002, 823139849, 2578295536, 
         1453192158, 1928105568, 3224180139, 1777890223, 1454359054, 
         3835336532, 3277604029, 2103627105, 1971545932, 4265277134, 
         384963663, 2089372314, 156525207, 1026471172, 3311963910, 
         3689749100, 884593983, 2838026576, 581476304, 146627975, 
         1282680251, 3524881627, 2570029490, 3829433067, 131714564, 
         4199181329, 531645848, 3706834295, 545596228, 3141684821, 
         896956373, 2695971980, 193071754, 2746745591, 2179024943, 
         3267137352, 1277209631, 3788633695, 20016854, 1017856249, 
         1747248073, 1860953717, 1049755730, 1812202217, 3078311448, 
         2066201299, 2372212588, 4000193785, 1103706422, 1753416264, 
         870840419, 757529254, 2400041494, 1334517373, 4204225414, 
         3063902484, 3221644362, 3090129514, 2039266214, 3666045058, 
         3494659205, 1718402943, 4292082520, 2745360010, 772838476, 
         704327329, 779390763, 3267854238, 1431002777, 2994973345, 
         1387826681, 3901864835, 3746986540, 2412403768, 63401360, 
         4131408511, 3902652316, 2200023404, 104914712, 1755569451, 
         3190275142, 524921737, 1100742339, 758076737, 3910364253, 
         4164554703, 2146461750, 790596974, 3223628578, 133377474, 
         1589370952, 3643117196, 4278502955, 1980077705, 192621674, 
         1631797397, 2435034920, 3723990615, 2657960938, 3049976655, 
         2019636009, 3369179025, 567013220, 877524799, 2999731111, 
         1347223014, 1200737265, 372827775, 424011755, 3709748104, 
         3957524905, 2355415781, 1420471543, 1084220387, 2738281216, 
         2498132641, 889495079, 713442620, 3601493382, 8151892, 
         3917948160, 3157603852, 491639396, 638027347, 3089066655, 
         2596148690, 526052338, 2462161245, 3339606623, 2139677489, 
         149312214, 1359820117, 4044095244, 3533940948, 30256317, 
         1019300988, 3516238296, 3754071892, 1109673281, 1713279791, 
         353742870, 90455967, 2549232045, 3203219966, 1775166816, 
         2835900730, 2972220430, 61824435, 1631175575, 3868160295, 
         35645486, 2870556961, 1417430731, 4268755119, 596343002, 
         4020852993, 1971335370, 4013745176, 2580902569, 843104634, 
         1030529062, 3331950083, 759684870, 4108268645, 2246329158, 
         2179591901, 238654981, 2753814020, 2384580458, 3073211669, 
         3162810913, 3394821086, 2713912385, 2433583744, 453326940, 
         3468458335, 2396135008, 4158025663, 3884560962, 1434394044, 
         1312547241, 4110086241, 3696445892, 2009635742, 4073094615, 
         3799128513, 4078632104, 1737110422, 3963824819, 2468874385, 
         3144093217, 1026445298, 866913694, 2105339515, 1530880328, 
         1611690996, 1010752977, 2788777374, 2801691574, 3958362927, 
         3285507464, 3763850244, 117718769, 1861406532, 2107290729, 
         661444153, 3022259887, 2223257716, 1570467266, 1617209892, 
         700968655, 1448542178, 1652060359, 3947394391, 1068253022, 
         2960150353, 3859265531, 2319928853, 2374836049, 1035323390, 
         1085331062, 969624884, 2784119494, 3723912343, 2652169128, 
         2109328727, 4002089524, 13858810, 1048125674, 382547867, 
         3136676977, 493465002, 2689040222, 3403775129, 383423504, 
         3387489183, 148226524, 4263000349, 1844549672, 534641280, 
         924997076, 3913699833, 1618158328, 2884832916, 2546796678, 
         2299461997, 4172871973, 4133069657, 2571017694, 422774057, 
         2936208267, 1367904108, 664595553, 4262472870, 3100175227, 
         3919030560, 3058595635, 3642048698, 3591670627, 3293666887, 
         1130927676, 1750396026, 4151058673, 2045280997, 1258531168, 
         465419698, 3292404392, 2272463334, 1978264676, 3348058698, 
         2056489279, 962155753, 219034209, 204917434, 657557208, 
         3348876463, 1236520276, 3324346626, 836530143, 3337583478, 
         1639994277, 4146054449, 4235104312, 2557180870, 3120544212, 
         2570180847, 138177539, 3451468210, 2311748953, 2339776876, 
         3419158508, 218757586, 3898536802, 291237838, 2201803728, 
         4083424613, 1879388362, 4072006820, 3450967665, 1706122889, 
         4789560, 1840797865, 1036313562, 4019425429, 3115471554, 
         4108543829, 1801374852, 3413958416, 959065879, 511239340, 
         2294695286, 3885005919, 3843182056, 1901625940, 2180901415, 
         780021560, 3382024888, 3069255784, 3529540980, 2176997526, 
         253765640, 2773750989, 519568977, 254259356, 3698338612, 
         1642233180, 2096970843, 1940585261, 2433984008, 2195840415, 
         3456136607, 2355291195, 2562034989, 410508348, 566886750, 
         553638345, 2969337601, 2964044004, 2952596084, 3936897093, 
         620493654, 2554671271, 181895123, 489839354, 1818472542, 
         55602744, 4248794582, 4109073352, 2897509335, 4165786058, 
         3613228815, 2318699903, 1088338197, 1215740585, 458460686, 
         1230932813, 1777115844, 4242187906, 3202726831, 1607311884, 
         3258246637, 2674726579, 2449845923, 1494814804, 3740528729, 
         206831443, 3490457745, 1249912173, 2391380336, 3980027343, 
         2971162450, 142885991, 2006654331, 2035215611, 197872252, 
         3413426375, 3046437680, 407352983, 2804079217, 348961854, 
         322270294, 2779966927, 494241987, 2263110098, 1686935796, 
         1946580878, 3580998737, 2509899841, 4060487511, 242897421, 
         3867563531, 2437036819, 2318690465, 857834812, 288009882, 
         1534938801, 2388409696, 2364255131, 4110325327, 317979119, 
         3029042239, 1048236806, 2928507220, 756672229, 2483791697, 
         1013543096, 4159959698, 772099632, 1648331500, 2363860606, 
         1511460074, 1601101238, 1063610931, 3023909664, 2591055980, 
         485682025, 665916273, 2690328218, 969249790, 3138933565, 
         2950598883, 1618908110, 766712245, 4032693108, 1899171583, 
         2367478339, 2163599027, 1951383268, 1692524393, 2843987481, 
         1896465849, 3685907371, 1932505948, 475630278, 1845606452, 
         3082095616, 2313736418, 918702713, 2849055959, 3389818660, 
         2438345599, 2633709422, 1941547962, 2604979686, 568027412, 
         374876933, 1223796763, 2869116517, 1568522183, 4104626499, 
         2754469990, 2783645083, 724713605, 3472728994, 3423189423, 
         1474776839, 683042186, 2870143903, 1272511519, 2556004357, 
         2974772211, 347115846, 676448464, 3932916803, 3762067316, 
         1027044136, 3650672894, 1347945224, 2912421317, 4102211772, 
         2252369045, 497592526, 2072172930, 4154191340, 2019739785, 
         939648999, 3911982947, 4141007649, 3649188012, 2771639886, 
         327246400, 2673870213, 1585999753, 3158035183, 3416975049, 
         1467296251, 3532020716, 1304309398, 1830302431, 165077475, 
         3521027037, 3645853413, 1573730574, 3102313532, 3991110856, 
         3798010218, 3425757633, 4172484063, 571684386, 2356842433, 
         899618119, 3541526108, 2929540309, 1735987758, 4039661031, 
         3191662929, 204110621, 577771984, 146440560, 183108497, 
         3476226967, 2501287879, 1741715485, 2655674737, 1873018821, 
         2112868027, 609491914, 1385435931, 1348105644, 1348797612, 
         3826675629, 1952460819, 1277860744, 3872043132 ]
      </state>
      <seed>27182</seed>
   </prng>
   <ffsocket name='ipi_vasp'>
      <address>19.19.19.100</address>
      <port>31415</port>
   </ffsocket>
   <system>
      <cell shape='(3, 3)'>
       [   3.77945220e+01,   2.31424702e-15,   2.31424702e-15,   0.00000000e+00,   3.77945220e+01, 
           2.31424702e-15,   0.00000000e+00,   0.00000000e+00,   3.77945220e+01 ]
      </cell>
      <motion mode='minimize'>
         <optimizer>
            <tolerances>
               <force>  1.94469040e-04</force>
            </tolerances>
            <glist_lbfgs shape='(6, 54)'>
             [   1.52929752e-04,   7.90237589e-05,   9.13050402e-06,  -7.81337407e-06,  -8.87796737e-05, 
                 5.40814870e-05,  -6.20318255e-05,   1.64464046e-04,   1.21629377e-05,   9.09975429e-05, 
                 4.05684484e-05,   1.19434110e-04,   5.91780525e-05,  -7.81763635e-05,   3.71843949e-06, 
                -3.84341422e-05,  -3.19076529e-05,   5.88937084e-05,  -8.37270746e-06,   1.16450119e-04, 
                 5.52785914e-05,   8.52561868e-05,  -7.61000435e-05,  -2.47280361e-05,  -6.05623934e-05, 
                 2.68612090e-05,   1.60836747e-04,  -9.34884920e-05,  -5.49805016e-05,   3.89274714e-05, 
                 1.23694939e-05,  -4.17694283e-05,  -2.11010818e-05,  -6.47506201e-05,   1.00238394e-04, 
                 5.82212839e-05,  -1.24880753e-04,  -3.34020017e-05,  -3.76800098e-05,  -6.12247896e-05, 
                -1.91378458e-04,  -1.46998349e-04,   2.16660779e-06,   1.19674103e-04,  -1.01639104e-04, 
                -6.25306491e-05,   5.18512530e-06,  -6.85571046e-06,   1.35032860e-04,   4.13104828e-05, 
                -1.96534726e-04,   4.61592500e-05,  -9.72815623e-05,  -3.51482625e-05,  -1.06208734e-04, 
                -2.45693053e-04,   4.97448067e-06,  -1.42193949e-04,   3.04855931e-06,  -7.12712337e-05, 
                -2.94333704e-05,   4.38251865e-05,   3.94236227e-06,  -7.01263958e-05,  -9.89441692e-05, 
                -9.01037619e-05,   9.03651335e-05,   1.99433919e-05,  -7.65309135e-05,  -1.35700594e-04, 
                 1.18183692e-04,   1.73493859e-05,   2.00672715e-05,   3.14664347e-05,   2.28781357e-05, 
                 3.81864123e-05,   1.39105390e-05,   5.50044310e-06,  -3.10805372e-05,   2.03603011e-05, 
                 1.08120405e-04,  -6.96565743e-05,  -8.37041780e-05,   3.08734044e-05,  -2.70786574e-06, 
                -2.40158067e-05,  -4.73445060e-05,  -2.28309812e-05,  -7.79664134e-05,   1.56618037e-05, 
                 2.70107802e-04,   2.36529520e-04,   9.25708962e-05,   9.16971648e-05,   6.14089948e-05, 
                 8.25725508e-05,   4.17229916e-05,  -1.36289347e-04,   4.71427137e-05,  -4.68728425e-05, 
                -3.80112365e-05,  -1.61418865e-05,   7.33028206e-05,   5.61409334e-05,  -1.44041660e-04, 
                 3.13622481e-05,   9.98066509e-05,   1.38473802e-05,   7.19594660e-05,   1.06883160e-04, 
                -1.30930733e-05,   7.04465210e-05,  -1.60965887e-05,   3.30324273e-05,  -4.16284905e-06, 
                -4.29463652e-06,   1.07743233e-05,   9.40667695e-06,   8.73251472e-07,   1.87926389e-05, 
                 1.22136874e-05,  -1.48389471e-05,   5.72794242e-06,  -2.56036918e-05,   1.39175563e-05, 
                 1.16005478e-05,   3.19368234e-07,   3.16663488e-05,   1.99669616e-05,   2.06880901e-05, 
                -3.65803497e-06,  -1.82199454e-06,   1.26521043e-04,   5.73567531e-05,  -1.63087136e-04, 
                 2.83102399e-05,   1.78252669e-05,   5.20897691e-05,  -1.10188373e-05,   8.54357869e-08, 
                -2.66182020e-05,  -8.62941993e-06,   2.36423960e-05,   9.11199885e-06,  -1.41790657e-04, 
                -9.84378864e-05,   2.26189799e-06,  -1.99207088e-05,   7.43435978e-06,  -3.33299759e-05, 
                 2.52764605e-05,   2.04528662e-07,  -2.14164343e-05,   3.12970224e-06,  -1.47614020e-05, 
                -1.03947417e-05,  -1.94567755e-04,  -9.05008665e-05,   1.04917326e-04,   3.74226642e-05, 
                -1.73006943e-05,   1.48572537e-06,   8.42070168e-06,   6.36311799e-05,  -2.83528124e-05, 
                 8.66328058e-05,   2.12147473e-05,   1.22474921e-05,   3.83792053e-05,  -1.25431055e-04, 
                 1.66025977e-05,   5.01030132e-06,   2.22056181e-05,   2.28514851e-05,  -7.43572648e-05, 
                -2.92403967e-05,   8.17503817e-05,   1.47952404e-04,  -1.35998373e-04,  -1.49509336e-05, 
                 9.36653241e-06,  -1.64323432e-05,   9.74154172e-06,  -1.96087106e-05,  -1.21862021e-05, 
                -5.74765056e-06,   3.45140549e-05,   3.55732862e-05,   7.30958282e-06,  -1.21249479e-05, 
                -6.99477498e-05,   4.63535570e-05,  -2.13040756e-05,   2.01622304e-05,  -5.21062953e-05, 
                 8.51908976e-06,  -5.18455847e-06,  -9.49967504e-06,  -9.17723420e-05,  -8.41896727e-05, 
                 5.01318580e-05,  -6.38512821e-05,   1.03275899e-04,  -4.52618312e-05,  -6.19694935e-05, 
                 1.59577306e-04,  -6.40880330e-05,   4.72940599e-05,   3.49979974e-05,   8.32084737e-06, 
                -6.97493899e-05,   1.17768060e-05,  -6.48122789e-05,   2.86483514e-05,   6.19528000e-06, 
                 2.95101665e-05,  -2.78062831e-05,   5.50575589e-06,  -1.87072374e-05,   5.89534219e-05, 
                 2.20051326e-05,   7.80739520e-06,  -7.02819706e-05,   8.99632226e-05,  -4.52669605e-05, 
                -2.23016202e-05,   2.29591113e-05,  -1.46231181e-05,  -3.38986707e-05,   5.03678567e-05, 
                -7.37937816e-06,  -9.90071083e-05,   1.39770613e-04,  -2.88445312e-05,   1.08374572e-05, 
                -5.12176368e-05,  -1.34464222e-05,  -2.17999238e-05,   7.51276173e-05,   2.49224217e-05, 
                 1.55955944e-04,   2.11179714e-05,  -3.08672725e-04,   1.47189825e-04,   7.24998971e-05, 
                -1.58879109e-05,  -3.88395506e-05,   4.41255220e-05,  -2.01569001e-06,   1.66710567e-05, 
                 5.26736625e-05,  -1.72855256e-05,  -2.74765874e-05,  -1.94903990e-05,   2.71730213e-05, 
                 8.27185021e-05,  -1.13283253e-04,   4.21508511e-05,   1.43968659e-04,  -2.01970715e-04, 
                 4.00217013e-05,   5.36474357e-05,  -2.44181015e-05,  -3.36003999e-06,  -3.51698162e-04, 
                -1.02976372e-04,   3.24003503e-04,   2.31675751e-05,  -8.27598857e-05,   9.41064613e-06, 
                 1.03688140e-05,   3.88258853e-05,  -4.41473505e-07,   1.09083659e-05,   1.27615847e-05, 
                 3.64832141e-06,   4.53406232e-05,  -9.24694845e-05,   7.12861102e-06,  -1.49908553e-06, 
                 2.21276768e-06,  -6.75948183e-06,  -3.22581651e-06,   1.32506153e-05,  -3.23081582e-06, 
                 8.64210657e-05,  -7.39412039e-05,  -1.36429715e-05,   8.05278921e-06,  -2.58066729e-05, 
                -9.79068536e-06,  -1.80528202e-05,   4.32556184e-06,   7.98283800e-07,  -1.41042846e-04, 
                -4.25858160e-05,   2.19144942e-04,  -3.67561202e-05,  -6.32082923e-05,  -3.02643340e-05, 
                 1.35431568e-06,   7.60217438e-06,   6.57632398e-07,   5.26312310e-06,  -8.48402952e-05, 
                -6.76368350e-06,  -2.30837534e-05,  -3.78586533e-05,  -6.19787818e-06,  -3.89974906e-05, 
                 8.86339251e-05,  -8.62350897e-07,  -8.33621216e-05,   5.58712146e-05,   2.02752446e-05, 
                 6.25673117e-06,   2.21906488e-05,   2.92044081e-06,   1.88475058e-04,   1.05333772e-04, 
                -1.91203254e-04,  -1.64208317e-05,   6.97022680e-05,   1.45834529e-05 ]
            </glist_lbfgs>
            <old_direction shape='(1, 54)'>
             [   1.20927734e-04,   7.84490693e-04,   3.59786253e-06,   9.16492900e-05,   6.12825105e-04, 
                 1.34015968e-04,   1.71192252e-04,   2.13943160e-05,  -3.01858149e-04,   2.36576684e-04, 
                 1.24382427e-04,  -2.09402587e-04,  -9.34865737e-06,  -1.27988912e-04,  -2.08228648e-05, 
                -4.39119836e-04,  -1.06885405e-03,  -8.03962690e-04,  -3.59635820e-05,  -2.27596219e-04, 
                -2.40639013e-04,   1.60305080e-04,   1.63815218e-04,  -1.74229289e-04,  -8.00821844e-04, 
                -3.55455486e-04,   3.88270116e-05,   4.06382379e-05,  -2.67154312e-04,   8.84820404e-06, 
                 3.66836561e-05,   1.51919636e-04,   5.66754077e-04,  -7.57687920e-05,  -1.92933218e-04, 
                 6.28023872e-04,   3.49610032e-04,   7.59779462e-04,  -1.01030032e-04,   9.06441300e-06, 
                 2.08184204e-05,  -3.21857267e-05,   1.95342459e-04,  -3.03248446e-04,   8.82832025e-05, 
                 1.46254797e-04,   1.93193988e-04,  -1.28273689e-04,   8.32816097e-05,  -1.09681622e-04, 
                 1.41383037e-04,  -2.80503532e-04,  -1.79707001e-04,   4.02670806e-04 ]
            </old_direction>
            <qlist_lbfgs shape='(6, 54)'>
             [   2.23112209e-03,   1.00097990e-04,  -3.82368526e-04,   4.75984208e-04,  -3.48489396e-04, 
                 1.63751477e-03,  -7.48771256e-04,   9.56017064e-04,  -2.07478375e-03,   6.55065436e-04, 
                -4.57977562e-04,   5.20797737e-04,   1.14891955e-03,   2.37176004e-04,  -6.42041566e-04, 
                 5.34897918e-04,   4.59682745e-04,   3.98866838e-04,  -2.24423876e-04,   6.04268759e-04, 
                 4.79424995e-04,   3.09652199e-03,   6.20780940e-04,  -4.64953513e-04,  -3.37056657e-03, 
                 1.42856001e-03,  -2.04549076e-03,  -1.07661300e-03,  -1.12929355e-03,   1.50930969e-05, 
                 2.62241783e-04,  -4.32183356e-04,   1.31826790e-04,  -3.77740190e-03,  -2.58215169e-03, 
                 4.09991879e-03,   1.02320997e-03,   4.89092970e-04,   5.34453804e-04,   1.42943835e-04, 
                 1.07643818e-03,  -1.04542183e-03,   7.37927327e-04,   8.02488007e-04,  -8.77433575e-04, 
                 2.29376044e-04,   1.26236723e-03,   1.04656148e-04,  -1.33501884e-03,  -2.63915151e-04, 
                -1.51109075e-03,  -5.41471409e-06,  -2.82295920e-03,   1.12103129e-03,   7.09504995e-04, 
                -1.40490589e-04,  -1.50091085e-04,   1.48365748e-04,   2.85182682e-04,   5.23481777e-04, 
                -4.16269884e-04,   2.93455642e-04,  -6.47862733e-04,   2.36266848e-04,  -3.33715565e-04, 
                 1.45982610e-04,   6.63600984e-04,   2.81830806e-04,  -2.79370817e-04,   1.39890020e-04, 
                 3.23473292e-04,   6.90593588e-05,   5.88530646e-05,   1.14468401e-04,   7.38189843e-05, 
                 1.12229627e-03,   2.71441246e-04,  -2.35298341e-04,  -1.40646066e-03,   5.39055860e-04, 
                -9.74227794e-04,  -4.82027110e-04,  -1.13883408e-03,   9.45487218e-05,  -1.30604109e-04, 
                -1.27633606e-04,  -1.41768931e-04,  -1.25791243e-03,  -1.10745870e-03,   1.65595760e-03, 
                 5.69814480e-04,   6.57290242e-04,   6.98850810e-04,   2.98525292e-04,   5.43149518e-04, 
                -2.01600686e-04,   3.91961751e-04,   9.15755120e-05,  -1.78403984e-04,   1.56755433e-04, 
                 3.94809469e-04,  -3.88038731e-05,  -1.10742622e-03,   2.49353996e-05,  -1.15689948e-03, 
                 3.04865527e-04,  -9.72535524e-04,   7.42627861e-04,   7.32850881e-04,   3.05206666e-04, 
                -1.55432218e-04,   3.93134781e-04,   4.17295863e-04,   5.28912454e-04,  -3.39913591e-04, 
                 1.44568739e-04,  -5.05622844e-04,   3.17122706e-04,  -1.65703696e-04,   2.37803688e-04, 
                 4.59056376e-04,   2.24351525e-04,  -8.48533663e-05,   2.23077576e-04,   6.78260491e-05, 
                -5.99063823e-05,   7.09368767e-05,   1.77989679e-05,  -2.74269395e-06,   8.79530661e-04, 
                 2.41959455e-04,  -2.30321581e-04,  -1.09956998e-03,   4.55340459e-04,  -1.11030966e-03, 
                -3.10808351e-04,  -1.10973272e-03,   1.44601889e-04,  -1.98863858e-04,  -3.84072523e-05, 
                -1.18388205e-04,  -9.54240041e-04,  -8.47893167e-04,   1.42609669e-03,   7.27814961e-05, 
                 3.57394853e-04,   6.37401218e-04,   1.70824349e-04,   4.10844840e-04,  -2.66700189e-04, 
                 3.87062534e-04,   1.78040624e-04,  -2.16658779e-04,   2.47636869e-04,   3.43727922e-04, 
                -5.87814075e-05,  -1.38272187e-03,  -8.64537233e-05,  -9.07135903e-04,   3.32102587e-04, 
                -9.16165408e-04,   7.42037282e-04,   5.72026467e-04,   8.49792223e-04,  -2.75884893e-04, 
                 7.61971722e-04,   1.20050603e-03,   5.07100578e-04,  -3.12405599e-04,  -9.79921761e-05, 
                -5.78470998e-04,   4.54093585e-04,   2.90208284e-08,   1.42869150e-04,   2.57728749e-04, 
                 2.26715164e-04,   1.50747249e-04,   2.07352879e-04,  -8.52026923e-04,  -7.81171998e-04, 
                 2.29571405e-04,  -3.74049983e-04,  -2.18576447e-04,   7.36869608e-04,   4.37007157e-04, 
                -3.38911108e-04,  -1.49504981e-03,   2.69156310e-04,  -1.01170865e-03,  -2.40178724e-04, 
                -2.02380856e-03,   3.43620879e-04,  -4.83093805e-04,   2.50479263e-04,  -7.25470192e-05, 
                -7.04913277e-04,  -9.19143996e-04,   1.68501231e-03,   1.44907618e-04,   9.26335804e-04, 
                 1.12850976e-03,   2.39494927e-04,   4.84228301e-04,  -2.77636328e-04,   5.38784299e-04, 
                 1.00510458e-05,  -1.64450285e-04,   6.06498277e-04,   4.76102190e-04,  -1.70321598e-04, 
                -1.98739980e-03,   7.84102055e-05,  -1.34267840e-03,   4.73741479e-04,  -9.41791086e-04, 
                 1.27449780e-03,   7.18486299e-04,   1.88185561e-03,  -4.96894364e-04,   1.05815220e-03, 
                 1.56170458e-03,   7.44306040e-04,  -1.97166901e-04,   3.01179339e-04,  -1.50850721e-03, 
                 4.85768436e-04,   2.51585284e-04,  -4.52797022e-04,   1.17643190e-04,  -1.57783528e-05, 
                -1.82501079e-04,  -8.84005549e-04,  -2.34078512e-03,  -2.09696870e-03,   1.99562051e-04, 
                -6.54069422e-04,  -2.42080087e-04,   1.20510701e-03,   9.87621260e-04,  -4.21230985e-04, 
                -2.23176421e-03,  -2.65164061e-05,  -9.04425145e-04,   2.06819489e-04,  -1.83988942e-03, 
                 4.06769589e-04,  -3.74237691e-04,   6.56703557e-04,   6.50677930e-04,  -1.25953298e-03, 
                -1.22698704e-03,   2.59279164e-03,   8.40127107e-04,   1.83304930e-03,   9.40877314e-04, 
                 3.68643278e-04,   3.61160887e-04,  -4.26034464e-04,   9.48035151e-04,  -1.13666111e-03, 
                 8.93876369e-05,   9.10147609e-04,   9.15303892e-04,  -3.00787608e-04,  -2.09769613e-03, 
                -1.41783125e-04,  -1.98463474e-05,  -1.40883583e-05,  -1.36769373e-03,   1.62726286e-03, 
                 5.87357994e-05,   5.69955142e-04,  -1.53156226e-05,   1.44052340e-04,   4.97939688e-04, 
                 7.28982450e-05,   1.17127367e-04,  -1.10103348e-04,  -1.38560472e-04,   1.48962201e-04, 
                 8.35577762e-05,  -1.25978752e-04,  -1.77996298e-05,  -2.96435492e-05,   2.35432972e-05, 
                -1.83654345e-04,  -7.17662867e-04,  -5.49033660e-04,   2.51532563e-05,  -2.14768147e-04, 
                -1.85799281e-04,   2.86215998e-05,   1.29402447e-04,  -1.09480104e-04,  -5.53445678e-04, 
                -2.43924481e-04,   1.10918946e-04,   2.73048293e-05,  -3.78677710e-04,   2.28831608e-05, 
                -5.31442840e-05,   1.37469364e-04,   2.89863001e-04,   4.10016925e-05,  -1.80645600e-04, 
                 3.58361810e-04,   1.14534111e-04,   4.43668383e-04,   4.96881858e-05,   5.08834834e-06, 
                 9.31825489e-05,   1.92254504e-06,   9.22373980e-05,  -1.86135441e-04,   9.21354013e-05, 
                 1.48858753e-04,   1.13468010e-04,  -9.49595515e-05,  -4.10604002e-05,   2.37434500e-05, 
                -1.36912613e-04,  -1.02573359e-04,  -3.08256656e-05,   3.33825462e-04 ]
            </qlist_lbfgs>
         </optimizer>
      </motion>
      <beads natoms='18' nbeads='1'>
         <q shape='(1, 54)'>
          [   1.94930729e+01,   1.83125516e+01,   1.60261253e+01,   2.20174411e+01,   1.96053837e+01, 
              1.68369687e+01,   1.92833929e+01,   1.94556948e+01,   2.17926457e+01,   1.92027183e+01, 
              1.67121460e+01,   2.08215052e+01,   2.29529008e+01,   1.83968666e+01,   2.05110586e+01, 
              2.55463341e+01,   1.77139709e+01,   1.91822714e+01,   1.57576864e+01,   1.67001327e+01, 
              1.81168892e+01,   1.69220452e+01,   1.40852548e+01,   1.72070640e+01,   1.26759204e+01, 
              1.87695616e+01,   2.03827548e+01,   1.48394902e+01,   2.03816034e+01,   1.91331607e+01, 
              1.87545450e+01,   2.14742805e+01,   1.80244681e+01,   1.76978019e+01,   2.38873636e+01, 
              1.95361718e+01,   2.03877622e+01,   1.99423608e+01,   1.59484954e+01,   2.00911792e+01, 
              1.78006878e+01,   2.20478861e+01,   2.42414154e+01,   1.90021702e+01,   1.92616476e+01, 
              1.73791494e+01,   1.57581678e+01,   1.78090870e+01,   1.35948733e+01,   1.89943102e+01, 
              1.88079287e+01,   1.76439827e+01,   2.20524682e+01,   1.95031632e+01 ]
         </q>
         <p shape='(1, 54)'>
          [   0.00000000e+00,   0.00000000e+00,   0.00000000e+00,   0.00000000e+00,   0.00000000e+00, 
              0.00000000e+00,   0.00000000e+00,   0.00000000e+00,   0.00000000e+00,   0.00000000e+00, 
              0.00000000e+00,   0.00000000e+00,   0.00000000e+00,   0.00000000e+00,   0.00000000e+00, 
              0.00000000e+00,   0.00000000e+00,   0.00000000e+00,   0.00000000e+00,   0.00000000e+00, 
              0.00000000e+00,   0.00000000e+00,   0.00000000e+00,   0.00000000e+00,   0.00000000e+00, 
              0.00000000e+00,   0.00000000e+00,   0.00000000e+00,   0.00000000e+00,   0.00000000e+00, 
              0.00000000e+00,   0.00000000e+00,   0.00000000e+00,   0.00000000e+00,   0.00000000e+00, 
              0.00000000e+00,   0.00000000e+00,   0.00000000e+00,   0.00000000e+00,   0.00000000e+00, 
              0.00000000e+00,   0.00000000e+00,   0.00000000e+00,   0.00000000e+00,   0.00000000e+00, 
              0.00000000e+00,   0.00000000e+00,   0.00000000e+00,   0.00000000e+00,   0.00000000e+00, 
              0.00000000e+00,   0.00000000e+00,   0.00000000e+00,   0.00000000e+00 ]
         </p>
         <m shape='(18)'>
          [   1.83736223e+03,   1.83736223e+03,   1.83736223e+03,   1.83736223e+03,   1.83736223e+03, 
              1.83736223e+03,   1.83736223e+03,   1.83736223e+03,   1.83736223e+03,   1.83736223e+03, 
              1.83736223e+03,   1.83736223e+03,   2.91651223e+04,   2.91651223e+04,   2.91651223e+04, 
              2.91651223e+04,   2.91651223e+04,   2.91651223e+04 ]
         </m>
         <names shape='(18)'>
          [ H, H, H, H, H, 
            H, H, H, H, H, 
            H, H, O, O, O, 
            O, O, O ]
         </names>
      </beads>
      <forces>
         <force forcefield='ipi_vasp'>
         </force>
      </forces>
      <ensemble>
         <stress shape='(3, 3)'>
          [  -1.00000000e+00,  -1.00000000e+00,  -1.00000000e+00,  -1.00000000e+00,  -1.00000000e+00, 
             -1.00000000e+00,  -1.00000000e+00,  -1.00000000e+00,  -1.00000000e+00 ]
         </stress>
         <temperature>  1.00000000e+00</temperature>
         <hamiltonian_weights shape='(1)'> [   1.00000000e+00 ] </hamiltonian_weights>
      </ensemble>
   </system>
</simulation>
